Filename: ,Time point: ,Z: ,Regions(x/y): 
/Users/jonathanharrison/Documents/DPhil/minimal_branch/rstan_analysis/data/Example14/20170717_oocyte_stg7_phalloidin-488_grk-546_Z_06.tif.ome.tif,1,28,488.92183633771197,486.398620662152,483.875404986592,481.35218931103213,478.8289736354721,476.3057579599122,473.7825422843522,471.25932660879226,468.73611093323234,466.21289525767224,463.6896795821124,461.1664639065524,458.64324823099236,456.1200325554325,453.59681687987245,451.0736012043126,448.5503855287526,446.0271698531926,443.50395417763264,440.9807385020727,438.45752282651273,435.93430715095275,433.4110914753928,430.88787579983284,428.36466012427286,425.84144444871293,423.31822877315295,420.79501309759297,418.271797422033,415.74858174647306,413.2253660709131,410.7021503953531,408.1789347197932,405.6557190442332,403.1325033686732,400.6092876931133,399.10822731661085,401.51537025681404,403.92251319701717,406.32965613722035,408.7367990774235,411.1439420176266,413.5510849578297,415.9582278980329,418.365370838236,420.77251377843913,423.1796567186423,425.5867996588454,427.9939425990486,430.4010855392517,432.8570329638043,435.6182413366939,438.37944970958364,441.1406580824733,443.901866455363,446.6630748282528,449.42428320114243,452.1854915740321,454.9466999469218,457.70790831981145,460.46911669270116,463.2303250655908,465.99153343848053,468.7527418113703,471.51395018425984,474.2751585571496,477.0363669300393,479.797575302929,482.5587836758187,485.31999204870834,488.0812004215981,490.8424087944878,493.6036171673775,496.36482554026713,499.12603391315685,501.8872422860466,504.64845065893627,507.40965903182587,510.1708674047155,512.9320757776053,512.8504260253909,512.2160881633379,511.58175030128484,510.94741243923187,510.31307457717884,509.67873671512575,509.0443988530728,508.4100609910197,507.7757231289667,506.12202618898056,504.4020072038537,502.6819882187268,500.9619692336,499.2419502484732,497.52193126334623,495.80191227821933,494.08189329309255,492.3618743079657,490.6418553228388,488.92183633771197
/Users/jonathanharrison/Documents/DPhil/minimal_branch/rstan_analysis/data/Example14/20170717_oocyte_stg7_phalloidin-488_grk-546_Z_06.tif.ome.tif,1,28,510.5021706003694,511.76377843814936,513.0253862759293,514.2869941137094,515.5486019514894,516.8102097892694,518.0718176270493,519.3334254648294,520.5950333026093,521.8566411403892,523.1182489781693,524.3798568159492,525.6414646537293,526.9030724915092,528.1646803292891,529.4262881670691,530.6878960048491,531.9495038426292,533.2111116804091,534.472719518189,535.734327355969,536.9959351937491,538.257543031529,539.519150869309,540.780758707089,542.042366544869,543.3039743826489,544.565582220429,545.8271900582089,547.0887978959888,548.3504057337689,549.6120135715488,550.8736214093288,552.1352292471088,553.3968370848888,554.6584449226688,555.9634702531984,557.4345020499891,558.9055338467799,560.3765656435708,561.8475974403615,563.3186292371523,564.789661033943,566.260692830734,567.7317246275246,569.2027564243156,570.6737882211064,572.1448200178971,573.6158518146879,575.0868836114788,576.2754862734462,575.6975589395855,575.1196316057249,574.5417042718643,573.9637769380037,573.3858496041431,572.8079222702823,572.2299949364217,571.652067602561,571.0741402687005,570.4962129348398,569.9182856009793,569.3403582671186,568.762430933258,568.1845035993972,567.6065762655367,567.028648931676,566.4507215978155,565.8727942639548,565.2948669300941,564.7169395962335,564.1390122623728,563.5610849285122,562.9831575946516,562.405230260791,561.8273029269303,561.2493755930698,560.671448259209,560.0935209253483,559.5155935914878,557.1201455450833,554.3713481428535,551.6225507406236,548.8737533383938,546.124955936164,543.3761585339342,540.6273611317044,537.8785637294746,535.1297663272449,532.8624174070184,530.6263927263534,528.3903680456887,526.1543433650237,523.9183186843588,521.6822940036939,519.446269323029,517.2102446423642,514.9742199616992,512.7381952810343,510.5021706003694
/Users/jonathanharrison/Documents/DPhil/minimal_branch/rstan_analysis/data/Example14/20170717_oocyte_stg7_phalloidin-488_grk-546_Z_06.tif.ome.tif,1,29,487.98107951845,484.98945253091716,481.99782554338447,479.0061985558517,476.0145715683189,473.02294458078626,470.03131759325345,467.0396906057207,464.04806361818794,461.05643663065507,458.0648096431224,455.4896181821827,453.0685513688387,450.6474845554948,448.22641774215083,445.80535092880694,443.384284115463,440.60235571014516,437.46175464955286,434.3211535889606,431.18055252836825,428.03995146777595,424.8993504071837,421.7587493465914,418.6181482859991,415.4775472254068,412.3369461648145,409.19634510422213,406.0557440436299,402.9151429830376,399.77454192244534,397.2376851866631,394.7428200357305,392.247954884798,389.75308973386535,387.2582245829328,385.52997590629343,386.7328797171832,387.935783528073,389.76272778346924,392.7666919689203,395.7706561543714,398.7746203398224,401.7785845252735,404.78254871072454,407.7865128961756,410.79047708162676,413.7944412670778,416.79840545252887,419.80236963797995,422.85665605827774,426.14444480490295,429.43223355152816,432.72002229815337,436.00781104477863,439.2955997914039,442.58692944154177,445.89445285592967,449.2019762703175,452.5094996847055,455.8170230990934,459.1245465134812,462.4320699278692,465.7395933422572,469.0471167566449,472.3546401710329,475.66216358542084,478.86195246008424,482.05099472718393,485.24003699428346,488.4290792613831,491.6181215284828,494.80716379558237,497.99620606268195,501.18524832978164,504.3742905968813,507.56333286398086,510.75237513108044,513.9414173981801,517.1304596652797,518.1873583385513,517.6721471915478,516.4047743440192,515.1374014964907,513.8700286489623,512.6026558014336,511.3352829539051,510.06791010637653,508.800537258848,506.76864510286964,504.68701141303575,502.60537772320174,500.7572764335881,498.93210544571133,497.10693445783437,495.28176346995747,493.4565924820806,491.6314214942037,489.8062505063268,487.98107951845
/Users/jonathanharrison/Documents/DPhil/minimal_branch/rstan_analysis/data/Example14/20170717_oocyte_stg7_phalloidin-488_grk-546_Z_06.tif.ome.tif,1,29,504.8576296847974,506.3992438131831,507.94085794156877,509.4824720699545,511.02408619834017,512.5657003267258,514.1073144551115,515.6489285834972,517.1905427118827,518.7321568402684,520.2737709686542,522.2076354897288,524.2866736323653,526.3657117750015,528.4447499176379,530.5237880602741,532.6028262029106,534.1485024887354,535.1640522172884,536.1796019458411,537.195151674394,538.210701402947,539.2262511314998,540.2418008600528,541.2573505886057,542.2729003171586,543.2884500457114,544.3039997742644,545.3195495028172,546.3350992313701,547.3506489599231,549.3255031652773,551.3670788513624,553.4086545374475,555.4502302235328,557.4918059096178,559.5659447152651,561.7645883706084,563.9632320259517,565.9053981129279,567.3638147694983,568.8222314260688,570.2806480826392,571.7390647392099,573.1974813957802,574.6558980523508,576.1143147089214,577.5727313654918,579.0311480220622,580.4895646786329,581.6845001891298,581.5373799750773,581.3902597610249,581.2431395469725,581.0960193329202,580.9488991188678,580.7175336190988,580.1008855802261,579.4842375413535,578.867589502481,578.2509414636083,577.6342934247358,577.0176453858633,576.4009973469906,575.7843493081178,575.1677012692453,574.5510532303726,573.5926318989106,572.6001184047989,571.6076049106873,570.6150914165756,569.6225779224638,568.6300644283523,567.6375509342406,566.645037440129,565.6525239460174,564.6600104519058,563.667496957794,562.6749834636823,561.6824699695708,559.3268159410513,556.4585586567821,553.4294257205679,550.4002927843537,547.3711598481395,544.3420269119252,541.3128939757112,538.283761039497,535.2546281032828,532.5865815285711,529.9420281335305,527.2974747384901,524.505186771757,521.6983929021914,518.8915990326257,516.0848051630601,513.2780112934945,510.47121742392875,507.66442355436317,504.8576296847974
/Users/jonathanharrison/Documents/DPhil/minimal_branch/rstan_analysis/data/Example14/20170717_oocyte_stg7_phalloidin-488_grk-546_Z_06.tif.ome.tif,1,30,487.040322699188,483.58028439968245,480.12024610017687,476.66020780067134,473.2001695011657,469.74013120166023,466.2800929021546,462.82005460264907,459.36001630314354,455.8999780036379,452.43993970413237,449.812772457813,447.4938545066851,445.1749365555572,442.8560186044292,440.5371006533013,438.21818270217335,435.1775415670977,431.4195551214731,427.66156867584846,423.90358223022383,420.1455957845992,416.3876093389746,412.62962289334996,408.87163644772534,405.11365000210066,401.35566355647603,397.59767711085135,393.8396906652267,390.0817042196021,386.3237177739775,383.7732199779731,381.3067053516679,378.84019072536273,376.37367609905755,373.90716147275236,371.951724495976,371.95038917755244,371.94905385912887,373.1957994297182,376.79658486041717,380.3973702911162,383.9981557218151,387.59894115251416,391.19972658321313,394.8005120139121,398.40129744461115,402.0020828753101,405.6028683060091,409.20365373670813,412.8562791527511,416.6706482731119,420.4850173934727,424.29938651383344,428.11375563419426,431.92812475455503,435.7495756819411,439.6034141378272,443.4572525937133,447.31109104959944,451.1649295054856,455.0187679613717,458.8726064172578,462.72644487314403,466.58028332903,470.4341217849162,474.28796024080236,477.9263296172395,481.5432057785491,485.1600819398586,488.77695810116813,492.39383426247775,496.01071042378726,499.6275865850969,503.2444627464064,506.86133890771595,510.4782150690255,514.095091230335,517.7119673916445,521.3288435529541,523.5242906517117,523.1282062197577,521.2277983867536,519.3273905537496,517.4269827207456,515.5265748877414,513.6261670547375,511.7257592217334,509.82535138872936,507.4152640167587,504.9720156222178,502.5287672276768,500.5525836335763,498.6222606429494,496.6919376523225,494.76161466169555,492.8312916710687,490.9009686804418,488.9706456898149,487.040322699188
/Users/jonathanharrison/Documents/DPhil/minimal_branch/rstan_analysis/data/Example14/20170717_oocyte_stg7_phalloidin-488_grk-546_Z_06.tif.ome.tif,1,30,499.21308876922546,501.03470918821677,502.8563296072081,504.67795002619954,506.4995704451909,508.32119086418226,510.1428112831736,511.964431702165,513.7860521211562,515.6076725401476,517.429292959139,520.0354141635083,522.9318826110011,525.8283510584938,528.7248195059865,531.6212879534792,534.5177564009721,536.3475011348417,537.1169927541675,537.8864843734932,538.6559759928191,539.425467612145,540.1949592314706,540.9644508507965,541.7339424701223,542.5034340894481,543.272925708774,544.0424173280998,544.8119089474255,545.5814005667513,546.3508921860772,549.0389927590056,551.860536293396,554.6820798277863,557.5036233621767,560.3251668965669,563.168419177332,566.0946746912277,569.0209302051235,571.434230582285,572.8800320986352,574.3258336149853,575.7716351313354,577.2174366476856,578.6632381640358,580.1090396803861,581.5548411967363,583.0006427130863,584.4464442294366,585.8922457457868,587.0935141048135,587.3772010105693,587.660887916325,587.9445748220808,588.2282617278366,588.5119486335925,588.6271449679152,587.9717762240306,587.316407480146,586.6610387362614,586.0056699923769,585.3503012484923,584.6949325046078,584.0395637607232,583.3841950168385,582.7288262729539,582.0734575290694,580.7345422000058,579.3274425456431,577.9203428912804,576.5132432369178,575.106143582555,573.6990439281924,572.2919442738297,570.884844619467,569.4777449651044,568.0706453107418,566.663545656379,565.2564460020163,563.8493463476537,561.5334863370192,558.5457691707107,555.2363007005121,551.9268322303135,548.6173637601149,545.3078952899164,541.9984268197178,538.6889583495192,535.3794898793207,532.3107456501236,529.2576635407077,526.2045814312916,522.8560301784903,519.4784671200239,516.1009040615575,512.7233410030912,509.34577794462473,505.9682148861583,502.5906518276919,499.21308876922546
/Users/jonathanharrison/Documents/DPhil/minimal_branch/rstan_analysis/data/Example14/20170717_oocyte_stg7_phalloidin-488_grk-546_Z_06.tif.ome.tif,1,31,486.099565879926,482.1711162684477,478.2426666569693,474.3142170454909,470.3857674340125,466.4573178225342,462.52886821105585,458.60041859957744,454.6719689880992,450.7435193766208,446.81506976514237,444.1359267334434,441.9191576445315,439.70238855561956,437.4856194667076,435.2688503777956,433.05208128888376,429.7527274240503,425.3773555933933,421.00198376273636,416.6266119320794,412.2512401014224,407.8758682707654,403.50049644010846,399.1251246094515,394.7497527787945,390.37438094813757,385.9990091174806,381.62363728682357,377.2482654561667,372.8728936255096,370.30875476928304,367.8705906676053,365.43242656592747,362.99426246424974,360.5560983625719,358.3734730856586,357.16789863792167,355.9623241901847,356.62887107596714,360.82647775191407,365.02408442786094,369.22169110380787,373.41929777975474,377.6169044557017,381.81451113164866,386.01211780759553,390.20972448354246,394.40733115948933,398.6049378354363,402.85590224722455,407.1968517413209,411.5378012354172,415.8787507295135,420.21970022360983,424.56064971770616,428.91222192234045,433.3123754197248,437.71252891710907,442.1126824144934,446.5128359118778,450.9129894092621,455.3131429066465,459.7132964040308,464.1134499014151,468.51360339879943,472.9137568961838,476.99070677439477,481.0354168299143,485.08012688543374,489.1248369409532,493.1695469964727,497.2142570519921,501.2589671075117,505.3036771630311,509.3483872185506,513.3930972740701,517.4378073295895,521.482517385109,525.5272274406286,528.861222964872,528.5842652479676,526.0508224294881,523.5173796110084,520.983936792529,518.4504939740493,515.9170511555698,513.3836083370903,510.8501655186107,508.0618829306478,505.2570198313998,502.4521567321518,500.34789083356446,498.3124158401875,496.2769408468106,494.2414658534336,492.2059908600568,490.17051586667986,488.13504087330296,486.099565879926
/Users/jonathanharrison/Documents/DPhil/minimal_branch/rstan_analysis/data/Example14/20170717_oocyte_stg7_phalloidin-488_grk-546_Z_06.tif.ome.tif,1,31,493.5685478536535,495.6701745632505,497.77180127284754,499.87342798244464,501.9750546920416,504.07668140163867,506.1783081112357,508.27993482083275,510.38156153042974,512.4831882400267,514.5848149496239,517.8631928372879,521.577091589637,525.2909903419861,529.0048890943352,532.7187878466843,536.4326865990336,538.5464997809479,539.0699332910467,539.5933668011454,540.1168003112441,540.6402338213428,541.1636673314415,541.6871008415403,542.2105343516389,542.7339678617377,543.2574013718364,543.7808348819351,544.3042683920339,544.8277019021325,545.3511354122313,548.752482352734,552.3539937354295,555.955505118125,559.5570165008205,563.158527883516,566.7708936393989,570.4247610118471,574.0786283842951,576.963063051642,578.396249427772,579.8294358039018,581.2626221800317,582.6958085561615,584.1289949322913,585.5621813084214,586.9953676845512,588.428554060681,589.8617404368109,591.2949268129408,592.502528020497,593.2170220460611,593.931516071625,594.646010097189,595.3605041227531,596.0749981483171,596.5367563167316,595.8426668678351,595.1485774189385,594.4544879700419,593.7603985211454,593.0663090722488,592.3722196233523,591.6781301744559,590.9840407255591,590.2899512766627,589.595861827766,587.876452501101,586.0547666864873,584.2330808718734,582.4113950572598,580.5897092426461,578.7680234280324,576.9463376134188,575.1246517988051,573.3029659841914,571.4812801695778,569.659594354964,567.8379085403503,566.0162227257367,563.7401567329871,560.6329796846394,557.0431756804562,553.4533716762733,549.8635676720903,546.2737636679075,542.6839596637244,539.0941556595415,535.5043516553585,532.0349097716763,528.5732989478847,525.111688124093,521.2068735852237,517.2585413378565,513.3102090904893,509.3618768431222,505.41354459575507,501.4652123483878,497.51688010102066,493.5685478536535
/Users/jonathanharrison/Documents/DPhil/minimal_branch/rstan_analysis/data/Example14/20170717_oocyte_stg7_phalloidin-488_grk-546_Z_06.tif.ome.tif,1,32,485.158809060664,480.76194813721287,476.36508721376174,471.96822629031055,467.5713653668593,463.17450444340824,458.77764351995705,454.38078259650587,449.9839216730548,445.5870607496036,441.19019982615237,438.4590810090737,436.34446078237784,434.2298405556819,432.11522032898597,430.00060010229,427.8859798755941,424.32791328100285,419.3351560653136,414.34239884962426,409.34964163393494,404.3568844182456,399.3641272025563,394.371369986867,389.37861277117776,384.3858555554884,379.3930983397991,374.4003411241098,369.40758390842046,364.4148266927312,359.4220694770419,356.84428956059304,354.43447598354265,352.02466240649227,349.6148488294419,347.2050352523915,344.79522167534117,342.38540809829084,339.9755945212405,340.06194272221603,344.8563706434109,349.65079856460574,354.44522648580056,359.2396544069954,364.03408232819027,368.82851024938515,373.62293817057997,378.41736609177485,383.2117940129696,388.0062219341645,392.85552534169796,397.7230552095299,402.5905850773617,407.4581149451936,412.32564481302546,417.1931746808573,422.0748681627398,427.0213367016223,431.9678052405048,436.91427377938743,441.86074231827,446.80721085715254,451.7536793960351,456.7001479349177,461.6466164738002,466.59308501268276,471.53955355156535,476.05508393155003,480.5276278812795,485.00017183100886,489.4727157807382,493.9452597304676,498.417803680197,502.89034762992657,507.3628915796559,511.8354355293853,516.3079794791147,520.7805234288442,525.2530673785735,529.725611328303,534.1981552780323,534.0403242761776,530.8738464722225,527.7073686682673,524.5408908643124,521.3744130603571,518.2079352564022,515.0414574524472,511.874979648492,508.7085018445369,505.54202404058185,502.37554623662675,500.1431980335526,498.00257103742564,495.8619440412987,493.72131704517176,491.58069004904485,489.4400630529179,487.29943605679097,485.158809060664
/Users/jonathanharrison/Documents/DPhil/minimal_branch/rstan_analysis/data/Example14/20170717_oocyte_stg7_phalloidin-488_grk-546_Z_06.tif.ome.tif,1,32,487.9240069380815,490.30563993828423,492.6872729384869,495.0689059386897,497.45053893889235,499.83217193909513,502.21380493929786,504.5954379395006,506.97707093970325,509.358703939906,511.7403369401087,515.6909715110675,520.222300568273,524.7536296254784,529.284958682684,533.8162877398894,538.3476167970949,540.7454984270541,541.0228738279259,541.3002492287975,541.5776246296691,541.8550000305407,542.1323754314124,542.4097508322841,542.6871262331556,542.9645016340273,543.241877034899,543.5192524357706,543.7966278366422,544.0740032375138,544.3513786383855,548.4659719464623,552.8474511774631,557.2289304084637,561.6104096394645,565.991888870465,570.3733681014656,574.7548473324664,579.1363265634669,582.4918955209992,583.9124667569088,585.3330379928183,586.7536092287279,588.1741804646374,589.5947517005469,591.0153229364566,592.4358941723661,593.8564654082757,595.2770366441853,596.6976078800949,597.9115419361807,599.0568430815529,600.202144226925,601.3474453722973,602.4927465176696,603.6380476630418,604.4463676655481,603.7135575116395,602.980747357731,602.2479372038224,601.5151270499139,600.7823168960053,600.0495067420968,599.3166965881884,598.5838864342797,597.8510762803713,597.1182661264627,595.0183628021961,592.7820908273313,590.5458188524666,588.309546877602,586.0732749027371,583.8370029278725,581.6007309530078,579.3644589781431,577.1281870032784,574.8919150284138,572.655643053549,570.4193710786843,568.1830991038197,565.946827128955,562.7201901985679,558.8500506604005,554.9799111222331,551.1097715840658,547.2396320458985,543.3694925077311,539.4993529695638,535.6292134313965,531.759073893229,527.8889343550618,524.0187948168945,519.557716991957,515.038615555689,510.5195141194211,506.00041268315323,501.48131124688535,496.96220981061737,492.4431083743495,487.9240069380815
/Users/jonathanharrison/Documents/DPhil/minimal_branch/rstan_analysis/data/Example14/20170717_oocyte_stg7_phalloidin-488_grk-546_Z_06.tif.ome.tif,1,33,485.158809060664,480.76194813721287,476.36508721376174,471.96822629031055,467.5713653668593,463.17450444340824,458.77764351995705,454.38078259650587,449.9839216730548,445.5870607496036,441.19019982615237,438.4590810090737,436.34446078237784,434.2298405556819,432.11522032898597,430.00060010229,427.8859798755941,424.32791328100285,419.3351560653136,414.34239884962426,409.34964163393494,404.3568844182456,399.3641272025563,394.371369986867,389.37861277117776,384.3858555554884,379.3930983397991,374.4003411241098,369.40758390842046,364.4148266927312,359.4220694770419,356.84428956059304,354.43447598354265,352.02466240649227,349.6148488294419,347.2050352523915,344.79522167534117,342.38540809829084,339.9755945212405,340.06194272221603,344.8563706434109,349.65079856460574,354.44522648580056,359.2396544069954,364.03408232819027,368.82851024938515,373.62293817057997,378.41736609177485,383.2117940129696,388.0062219341645,392.85552534169796,397.7230552095299,402.5905850773617,407.4581149451936,412.32564481302546,417.1931746808573,422.0748681627398,427.0213367016223,431.9678052405048,436.91427377938743,441.86074231827,446.80721085715254,451.7536793960351,456.7001479349177,461.6466164738002,466.59308501268276,471.53955355156535,476.05508393155003,480.5276278812795,485.00017183100886,489.4727157807382,493.9452597304676,498.417803680197,502.89034762992657,507.3628915796559,511.8354355293853,516.3079794791147,520.7805234288442,525.2530673785735,529.725611328303,534.1981552780323,534.0403242761776,530.8738464722225,527.7073686682673,524.5408908643124,521.3744130603571,518.2079352564022,515.0414574524472,511.874979648492,508.7085018445369,505.54202404058185,502.37554623662675,500.1431980335526,498.00257103742564,495.8619440412987,493.72131704517176,491.58069004904485,489.4400630529179,487.29943605679097,485.158809060664
/Users/jonathanharrison/Documents/DPhil/minimal_branch/rstan_analysis/data/Example14/20170717_oocyte_stg7_phalloidin-488_grk-546_Z_06.tif.ome.tif,1,33,487.9240069380815,490.30563993828423,492.6872729384869,495.0689059386897,497.45053893889235,499.83217193909513,502.21380493929786,504.5954379395006,506.97707093970325,509.358703939906,511.7403369401087,515.6909715110675,520.222300568273,524.7536296254784,529.284958682684,533.8162877398894,538.3476167970949,540.7454984270541,541.0228738279259,541.3002492287975,541.5776246296691,541.8550000305407,542.1323754314124,542.4097508322841,542.6871262331556,542.9645016340273,543.241877034899,543.5192524357706,543.7966278366422,544.0740032375138,544.3513786383855,548.4659719464623,552.8474511774631,557.2289304084637,561.6104096394645,565.991888870465,570.3733681014656,574.7548473324664,579.1363265634669,582.4918955209992,583.9124667569088,585.3330379928183,586.7536092287279,588.1741804646374,589.5947517005469,591.0153229364566,592.4358941723661,593.8564654082757,595.2770366441853,596.6976078800949,597.9115419361807,599.0568430815529,600.202144226925,601.3474453722973,602.4927465176696,603.6380476630418,604.4463676655481,603.7135575116395,602.980747357731,602.2479372038224,601.5151270499139,600.7823168960053,600.0495067420968,599.3166965881884,598.5838864342797,597.8510762803713,597.1182661264627,595.0183628021961,592.7820908273313,590.5458188524666,588.309546877602,586.0732749027371,583.8370029278725,581.6007309530078,579.3644589781431,577.1281870032784,574.8919150284138,572.655643053549,570.4193710786843,568.1830991038197,565.946827128955,562.7201901985679,558.8500506604005,554.9799111222331,551.1097715840658,547.2396320458985,543.3694925077311,539.4993529695638,535.6292134313965,531.759073893229,527.8889343550618,524.0187948168945,519.557716991957,515.038615555689,510.5195141194211,506.00041268315323,501.48131124688535,496.96220981061737,492.4431083743495,487.9240069380815
/Users/jonathanharrison/Documents/DPhil/minimal_branch/rstan_analysis/data/Example14/20170717_oocyte_stg7_phalloidin-488_grk-546_Z_06.tif.ome.tif,1,34,484.218052241402,482.75347446570856,477.9912509974267,473.2290275291448,468.46680406086296,463.70458059258107,458.94235712429924,454.18013365601735,449.4179101877355,444.65568671945374,440.3409022207153,436.2308549485625,433.37011425618925,430.9717475066031,428.5733807570168,426.1750140074306,423.7766472578443,420.90777277132906,416.7893647979105,411.59493885866834,406.4005129194262,401.20608698018407,396.01166104094193,390.81723510169974,385.62280916245766,380.4283832232155,376.06809800895184,372.1490326549871,368.2299673010222,364.31090194705735,360.39183659309253,356.47277123912767,354.3649388595932,352.38308123460763,350.056612306841,347.46717785649025,344.87774340613953,342.2883089557889,339.6988745054382,337.10944005508753,336.39212693825624,339.9475806195096,344.88174964568697,349.8159186718644,354.75008769804174,359.68425672421915,364.6184257503966,369.5527781644114,374.4947584889111,379.4367388134107,384.3787191379105,389.36185607716413,394.37353827495923,399.4834128349063,404.59328739485346,409.7031619548006,414.81303651474764,419.93353378523284,425.1026123484679,430.271690911703,435.4407694749382,440.60984803817337,445.77892660140844,450.94800516464363,455.98009238915967,460.98788988280216,465.99568737644466,471.0034848700872,475.6880787445563,480.3404327963341,484.9927868481117,489.64514089988927,494.297494951667,498.94984900344457,503.60220305522233,508.2545571069999,512.9069111587776,517.5592652105552,522.211619262333,526.8639733141106,529.8999717246359,532.7637319730431,532.1547110077624,529.2892049409064,526.4236988740504,523.5581928071945,520.6926867403383,517.8271806734824,514.9616746066265,512.0961685397705,509.23066247291445,506.3651564060584,503.4996503392025,501.33474147300717,499.23862351202223,496.7794861158738,494.0404952090296,491.30150430218555,488.5625133953414,485.82352248849725
/Users/jonathanharrison/Documents/DPhil/minimal_branch/rstan_analysis/data/Example14/20170717_oocyte_stg7_phalloidin-488_grk-546_Z_06.tif.ome.tif,1,34,483.22022284177154,483.22022284177154,485.0064475919236,486.7926723420756,488.5788970922277,490.36512184237966,492.15134659253175,493.9375713426838,495.7237960928358,497.51002084298784,500.1322929552787,503.13712007477716,507.3186983723426,511.9357975345932,516.5528966968437,521.1699958590943,525.7870950213447,529.6576191503038,531.6631529481268,532.0783070741342,532.4934612001415,532.9086153261488,533.3237694521561,533.7389235781634,534.1540777041708,534.5692318301781,535.7999925341928,537.4621694364953,539.1243463387977,540.7865232411003,542.4487001434027,544.1108770457054,548.6509673784117,553.391222153311,558.0090427438407,562.5334364240659,567.0578301042909,571.582223784516,576.1066174647412,580.6310111449662,584.3859721200901,586.4646065637828,588.1248563619511,589.7851061601194,591.4453559582877,593.1056057564558,594.7658555546243,596.4256852057009,598.0680390827489,599.710392959797,601.352746836845,602.8401228290252,604.1836674007646,604.9175666461589,605.6514658915532,606.3853651369476,607.119264382342,607.6004277705867,606.9257435415204,606.2510593124543,605.576375083388,604.9016908543217,604.2270066252555,603.5523223961893,602.4075870304097,601.1795075954769,599.9514281605444,598.7233487256117,596.4699494129105,594.1142736122607,591.7585978116109,589.4029220109613,587.0472462103114,584.6915704096617,582.335894609012,579.9802188083623,577.6245430077124,575.2688672070628,572.913191406413,570.5575156057632,567.5679156180895,564.5107649416261,560.7108405485211,556.4282891995807,552.1457378506404,547.8631865017003,543.58063515276,539.2980838038197,535.0155324548795,530.7329811059392,526.4504297569989,522.1678784080588,517.8853270591185,513.1595719951006,508.39029922258493,503.87655720513635,499.55980513359543,495.24305306205446,490.9263009905135,486.6095489189725
/Users/jonathanharrison/Documents/DPhil/minimal_branch/rstan_analysis/data/Example14/20170717_oocyte_stg7_phalloidin-488_grk-546_Z_06.tif.ome.tif,1,35,483.27729542214,480.3481398707531,475.2205538576405,470.09296784452795,464.96538183141536,459.8377958183028,454.7102098051903,449.5826237920777,444.45503777896516,439.32745176585263,435.0947436918269,431.2715100709727,428.28114750330485,425.59903423082835,422.9169209583518,420.23480768587524,417.5526944133986,413.9295656670641,409.25081631481817,403.85472165202316,398.4586269892282,393.0625323264332,387.66643766363825,382.27034300084324,376.8742483380483,371.47815367525334,367.75034046241535,364.904966970175,362.05959347793464,359.2142199856943,356.36884649345393,353.5234730012136,351.8855881585934,350.33168648567255,348.0885622071896,345.3195068835386,342.5504515598876,339.78139623623656,337.01234091258556,334.24328558893455,332.72231115429645,335.03879059560825,340.1127007267682,345.18661085792814,350.26052098908815,355.33443112024815,360.4083412514081,365.4826181582428,370.5721508860473,375.6616836138519,380.75121634165646,385.86818681263037,391.0240213403885,396.3762405924509,401.7284598445133,407.0806790965757,412.43289834863805,417.7921994077258,423.18388799531346,428.5755765829012,433.9672651704889,439.3589537580767,444.7506423456644,450.1423309332522,455.2600368434016,460.3291632918041,465.39828974020656,470.4674161886091,475.3210735575626,480.15323771138856,484.98540186521444,489.8175660190403,494.64973017286627,499.4818943266921,504.31405848051804,509.146222634344,513.9783867881698,518.8105509419958,523.6427150958217,528.4748792496475,530.0743321209688,531.3293086680541,530.2690977393472,527.7045634095903,525.1400290798334,522.5754947500766,520.0109604203196,517.4464260905627,514.8818917608058,512.3173574310489,509.752823101292,507.1882887715351,504.62375444177815,502.52628491246173,500.4746759866189,497.69702819044886,494.3596733728875,491.0223185553262,487.68496373776486,484.34760892020347
/Users/jonathanharrison/Documents/DPhil/minimal_branch/rstan_analysis/data/Example14/20170717_oocyte_stg7_phalloidin-488_grk-546_Z_06.tif.ome.tif,1,35,478.5164387454615,478.5164387454616,479.7072552455629,480.89807174566425,482.08888824576565,483.279704745867,484.47052124596837,485.66133774606976,486.8521542461711,488.04297074627243,490.90588197065136,494.53390320944555,498.9464252336178,503.64929450091347,508.352163768209,513.0550330355047,517.7579023028002,520.9676215035126,522.5808074691995,523.1337403203424,523.6866731714855,524.2396060226285,524.7925388737715,525.3454717249144,525.8984045760576,526.4513374272005,528.6354834343583,531.6824618380917,534.729440241825,537.7764186455584,540.8233970492917,543.8703754530251,548.835962810361,553.9349931291589,558.7891550792177,563.4564632086674,568.123771338117,572.7910794675664,577.4583875970161,582.1256957264654,586.280048719181,589.0167463706568,590.9166747310838,592.8166030915108,594.716531451938,596.6164598123648,598.5163881727921,600.4154762390358,602.2796127572221,604.1437492754086,606.007885793595,607.7687037218695,609.3104917199764,609.6329890653928,609.9554864108093,610.2779837562257,610.6004811016421,610.7544878756255,610.1379295714015,609.5213712671775,608.9048129629535,608.2882546587296,607.6716963545057,607.0551380502817,605.4984774726308,603.7751287566741,602.0517800407175,600.3284313247607,597.921536023625,595.4464563971901,592.9713767707553,590.4962971443206,588.0212175178858,585.546137891451,583.0710582650162,580.5959786385815,578.1208990121465,575.6458193857119,573.170739759277,570.6956601328422,566.9527321323592,563.0747027542973,558.7014908984743,554.006527738761,549.3115645790479,544.6166014193346,539.9216382596214,535.2266750999083,530.5317119401951,525.8367487804819,521.1417856207688,516.4468224610557,511.75185930134245,506.76142699824425,501.7419828894807,497.2336002908516,493.11919758403764,489.00479487722356,484.89039217040954,480.7759894635956
/Users/jonathanharrison/Documents/DPhil/minimal_branch/rstan_analysis/data/Example14/20170717_oocyte_stg7_phalloidin-488_grk-546_Z_06.tif.ome.tif,1,36,482.33653860287797,477.94280527579764,472.4498567178543,466.9569081599111,461.46395960196776,455.9710110440246,450.47806248608134,444.98511392813805,439.4921653701948,433.9992168122516,429.84858516293855,426.3121651933829,423.1921807504204,420.22632095505355,417.2604611596867,414.29460136431993,411.32874156895303,406.95135856279904,401.7122678317258,396.114504445378,390.5167410590302,384.91897767268233,379.32121428633457,373.72345089998674,368.1256875136389,362.5279241272911,359.4325829158788,357.6609012853629,355.889219654847,354.11753802433117,352.34585639381527,350.5741747632994,349.4062374575936,348.28029173673747,346.12051210753833,343.171835910587,340.22315971363565,337.27448351668426,334.3258073197329,331.3771311227816,329.0524953703367,330.1300005717069,335.3436518078494,340.55730304399196,345.7709542801345,350.98460551627704,356.1982567524196,361.41245815207424,366.64954328318356,371.88662841429306,377.12371354540244,382.37451754809655,387.67450440581786,393.2690683499955,398.86363229417316,404.4581962383508,410.05276018252846,415.6508650302187,421.265163642159,426.8794622540994,432.4937608660396,438.10805947798,443.7223580899203,449.3366567018607,454.53998129764364,459.670436700806,464.8008921039685,469.93134750713097,474.95406837056896,479.966042626443,484.97801688231726,489.9899911381914,495.00196539406556,500.0139396499397,505.0259139058138,510.037888161688,515.0498624175622,520.0618366734363,525.0738109293104,530.0857851851846,530.2486925173017,529.894885363065,528.3834844709321,526.1199218782742,523.8563592856165,521.5927966929587,519.3292341003008,517.065671507643,514.8021089149852,512.5385463223274,510.27498372966954,508.01142113701167,505.7478585443539,503.71782835191624,501.71072846121547,498.61457026502393,494.67885153674547,490.74313280846684,486.80741408018827,482.87169535190975
/Users/jonathanharrison/Documents/DPhil/minimal_branch/rstan_analysis/data/Example14/20170717_oocyte_stg7_phalloidin-488_grk-546_Z_06.tif.ome.tif,1,36,473.81265464915157,473.8126546491516,474.40806289920226,475.00347114925296,475.59887939930366,476.1942876493543,476.789695899405,477.3851041494557,477.9805123995063,478.575920649557,481.67947098602406,485.93068634411395,490.57415209489295,495.3627914672337,500.15143083957423,504.94007021191504,509.7287095842556,512.2776238567214,513.4984619902721,514.1891735665508,514.8798851428295,515.5705967191082,516.2613082953869,516.9520198716655,517.6427314479442,518.3334430242229,521.4709743345239,525.9027542396882,530.3345341448523,534.7663140500164,539.1980939551806,543.6298738603448,549.0209582423104,554.4787641050068,559.5692674145947,564.3794899932689,569.1897125719429,573.9999351506168,578.8101577292908,583.6203803079648,588.1741253182718,591.5688861775309,593.7084931002166,595.8481000229024,597.9877069455881,600.1273138682739,602.2669207909598,604.4052672723707,606.4911864316955,608.5771055910202,610.6630247503452,612.697284614714,614.4373160391882,614.3484114846267,614.2595069300652,614.1706023755038,614.0816978209423,613.9085479806643,613.3501156012826,612.7916832219008,612.233250842519,611.6748184631374,611.1163860837557,610.5579537043741,608.5893679148521,606.3707499178713,604.1521319208906,601.9335139239097,599.3731226343394,596.7786391821196,594.1841557298998,591.5896722776799,588.9951888254601,586.4007053732403,583.8062219210203,581.2117384688006,578.6172550165807,576.0227715643609,573.428288112141,570.8338046599213,566.3375486466289,561.6386405669684,556.6921412484273,551.5847662779413,546.4773913074552,541.370016336969,536.262641366483,531.1552663959969,526.0478914255108,520.9405164550246,515.8331414845386,510.72576651405257,505.6183915435664,500.36328200138786,495.09366655637655,490.59064337656685,486.67859003447984,482.76653669239266,478.8544833503057,474.9424300082186
/Users/jonathanharrison/Documents/DPhil/minimal_branch/rstan_analysis/data/Example14/20170717_oocyte_stg7_phalloidin-488_grk-546_Z_06.tif.ome.tif,1,37,481.395781783616,475.53747068084215,469.6791595780681,463.82084847529416,457.96253737252016,452.10422626974633,446.24591516697234,440.38760406419834,434.52929296142446,428.6709818586505,424.60242663405023,421.35282031579305,418.10321399753593,414.8536076792788,411.6040013610217,408.35439504276457,405.10478872450733,399.97315145853406,394.1737193486334,388.3742872387328,382.57485512883216,376.77542301893146,370.9759909090308,365.1765587991302,359.37712668922956,353.57769457932886,351.11482536934227,350.4168356005508,349.71884583175944,349.02085606296805,348.3228662941766,347.6248765253852,346.9268867565938,346.2288969878024,344.15246200788704,341.02416493763536,337.8958678673837,334.76757079713195,331.6392737268803,328.5109766566286,325.3826795863769,325.2212105478056,330.57460288893066,335.9279952300558,341.28138757118086,346.634779912306,351.98817225343106,357.34229814590566,362.72693568031985,368.11157321473416,373.4962107491484,378.8808482835627,384.32498747124714,390.1618961075401,395.99880474383303,401.8357133801259,407.6726220164188,413.50953065271176,419.3464392890046,425.1833479252976,431.0202565615904,436.8571651978834,442.69407383417627,448.5309824704692,453.8199257518856,459.011710109808,464.2034944677304,469.39527882565284,474.58706318357525,479.7788475414976,484.97063189942,490.16241625734244,495.35420061526486,500.5459849731873,505.7377693311096,510.929553689032,516.1213380469544,521.3131224048768,526.5049067627992,531.6966911207217,530.4230529136346,528.4604620580758,526.497871202517,524.5352803469582,522.5726894913995,520.6100986358407,518.647507780282,516.6849169247233,514.7223260691645,512.7597352136058,510.7971443580471,508.8345535024883,506.8719626469296,504.9093717913708,502.94678093581206,499.532112339599,494.9980297006033,490.46394706160754,485.9298644226118,481.39578178361603
/Users/jonathanharrison/Documents/DPhil/minimal_branch/rstan_analysis/data/Example14/20170717_oocyte_stg7_phalloidin-488_grk-546_Z_06.tif.ome.tif,1,37,469.1088705528416,469.10887055284167,469.1088705528416,469.1088705528416,469.1088705528416,469.1088705528416,469.1088705528416,469.1088705528416,469.1088705528416,469.1088705528416,472.45306000139675,477.3274694787824,482.2018789561681,487.0762884335539,491.95069791093954,496.82510738832536,501.699516865711,503.58762620993036,504.41611651134474,505.24460681275906,506.0730971141735,506.90158741558787,507.73007771700225,508.5585680184166,509.387058319831,510.2155486212454,514.3064652346894,520.1230466412845,525.9396280478795,531.7562094544745,537.5727908610695,543.3893722676646,549.2059536742596,555.0225350808547,560.3493797499717,565.3025167778702,570.2556538057688,575.2087908336672,580.1619278615657,585.1150648894641,590.0682019173627,594.1210259844049,596.5003114693494,598.8795969542939,601.2588824392384,603.6381679241829,606.0174534091275,608.3950583057054,610.7027601061687,613.0104619066319,615.3181637070953,617.6258655075585,619.5641403584,619.0638339038605,618.5635274493211,618.0632209947818,617.5629145402423,617.062608085703,616.5623016311636,616.0619951766241,615.5616887220847,615.0613822675454,614.5610758130059,614.0607693584666,611.6802583570734,608.9663710790685,606.2524838010637,603.5385965230588,600.8247092450539,598.110821967049,595.3969346890441,592.6830474110393,589.9691601330344,587.2552728550295,584.5413855770246,581.8274982990198,579.1136110210148,576.39972374301,573.6858364650051,570.9719491870002,565.7223651608986,560.2025783796395,554.6827915983805,549.1630048171215,543.6432180358624,538.1234312546035,532.6036444733445,527.0838576920855,521.5640709108264,516.0442841295675,510.5244973483085,505.00471056704953,499.48492378579044,493.96513700453147,488.44535022327244,483.9476864622821,480.23798248492204,476.52827850756177,472.8185745302018,469.1088705528416
/Users/jonathanharrison/Documents/DPhil/minimal_branch/rstan_analysis/data/Example14/20170717_oocyte_stg7_phalloidin-488_grk-546_Z_06.tif.ome.tif,1,38,481.395781783616,475.53747068084215,469.6791595780681,463.82084847529416,457.96253737252016,452.10422626974633,446.24591516697234,440.38760406419834,434.52929296142446,428.6709818586505,424.60242663405023,421.35282031579305,418.10321399753593,414.8536076792788,411.6040013610217,408.35439504276457,405.10478872450733,399.97315145853406,394.1737193486334,388.3742872387328,382.57485512883216,376.77542301893146,370.9759909090308,365.1765587991302,359.37712668922956,353.57769457932886,351.11482536934227,350.4168356005508,349.71884583175944,349.02085606296805,348.3228662941766,347.6248765253852,346.9268867565938,346.2288969878024,344.15246200788704,341.02416493763536,337.8958678673837,334.76757079713195,331.6392737268803,328.5109766566286,325.3826795863769,325.2212105478056,330.57460288893066,335.9279952300558,341.28138757118086,346.634779912306,351.98817225343106,357.34229814590566,362.72693568031985,368.11157321473416,373.4962107491484,378.8808482835627,384.32498747124714,390.1618961075401,395.99880474383303,401.8357133801259,407.6726220164188,413.50953065271176,419.3464392890046,425.1833479252976,431.0202565615904,436.8571651978834,442.69407383417627,448.5309824704692,453.8199257518856,459.011710109808,464.2034944677304,469.39527882565284,474.58706318357525,479.7788475414976,484.97063189942,490.16241625734244,495.35420061526486,500.5459849731873,505.7377693311096,510.929553689032,516.1213380469544,521.3131224048768,526.5049067627992,531.6966911207217,530.4230529136346,528.4604620580758,526.497871202517,524.5352803469582,522.5726894913995,520.6100986358407,518.647507780282,516.6849169247233,514.7223260691645,512.7597352136058,510.7971443580471,508.8345535024883,506.8719626469296,504.9093717913708,502.94678093581206,499.532112339599,494.9980297006033,490.46394706160754,485.9298644226118,481.39578178361603
/Users/jonathanharrison/Documents/DPhil/minimal_branch/rstan_analysis/data/Example14/20170717_oocyte_stg7_phalloidin-488_grk-546_Z_06.tif.ome.tif,1,38,469.1088705528416,469.10887055284167,469.1088705528416,469.1088705528416,469.1088705528416,469.1088705528416,469.1088705528416,469.1088705528416,469.1088705528416,469.1088705528416,472.45306000139675,477.3274694787824,482.2018789561681,487.0762884335539,491.95069791093954,496.82510738832536,501.699516865711,503.58762620993036,504.41611651134474,505.24460681275906,506.0730971141735,506.90158741558787,507.73007771700225,508.5585680184166,509.387058319831,510.2155486212454,514.3064652346894,520.1230466412845,525.9396280478795,531.7562094544745,537.5727908610695,543.3893722676646,549.2059536742596,555.0225350808547,560.3493797499717,565.3025167778702,570.2556538057688,575.2087908336672,580.1619278615657,585.1150648894641,590.0682019173627,594.1210259844049,596.5003114693494,598.8795969542939,601.2588824392384,603.6381679241829,606.0174534091275,608.3950583057054,610.7027601061687,613.0104619066319,615.3181637070953,617.6258655075585,619.5641403584,619.0638339038605,618.5635274493211,618.0632209947818,617.5629145402423,617.062608085703,616.5623016311636,616.0619951766241,615.5616887220847,615.0613822675454,614.5610758130059,614.0607693584666,611.6802583570734,608.9663710790685,606.2524838010637,603.5385965230588,600.8247092450539,598.110821967049,595.3969346890441,592.6830474110393,589.9691601330344,587.2552728550295,584.5413855770246,581.8274982990198,579.1136110210148,576.39972374301,573.6858364650051,570.9719491870002,565.7223651608986,560.2025783796395,554.6827915983805,549.1630048171215,543.6432180358624,538.1234312546035,532.6036444733445,527.0838576920855,521.5640709108264,516.0442841295675,510.5244973483085,505.00471056704953,499.48492378579044,493.96513700453147,488.44535022327244,483.9476864622821,480.23798248492204,476.52827850756177,472.8185745302018,469.1088705528416
/Users/jonathanharrison/Documents/DPhil/minimal_branch/rstan_analysis/data/Example14/20170717_oocyte_stg7_phalloidin-488_grk-546_Z_06.tif.ome.tif,1,39,477.45461268389977,471.4289357863206,465.40325888874145,459.37758199116234,453.35190509358335,447.32622819600425,441.30055129842503,435.27487440084604,429.5364717986344,425.3318891214473,421.8097638662128,418.2876386109783,414.76551335574385,411.2433881005093,407.5201877174377,403.71428503350575,398.34002322647706,392.4092657161755,386.47850820587405,380.6732912707443,375.1881641497578,369.70303702877135,364.2179099077849,358.73278278679845,353.24765566581203,350.5429976280872,349.3090724580251,348.07514728796303,346.841222117901,345.60729694783885,344.54018822560533,343.5429033041101,342.545618382615,340.39962911851654,337.3770881124711,334.35454710642574,331.3320061003803,328.3094650943349,325.2869240882895,322.9994784045519,323.57834183718546,328.7529230862328,333.92750433528005,339.1020855843273,344.2766668333746,349.4764494789592,355.08768544024605,360.7243477698159,366.3610100993858,371.9976724289557,377.6343347585257,383.32058179915407,389.3341367136229,395.3476916280917,401.36124654256054,407.3456575907947,413.30200470475484,419.25835181871486,425.214698932675,431.17104604663496,437.1273931605951,443.08374027455517,449.04008738851525,454.5397967067449,459.95854025539614,465.37728380404747,470.79602735269873,476.18105225681524,481.5250791871135,486.8691061174117,492.21313304771,497.55715997800826,502.9011869083065,508.2452138386047,513.589240768903,518.9332676992012,524.2772946294995,529.6213215597977,533.6974344766392,532.3507290861946,530.4298964886902,528.509063891186,526.5882312936816,524.6673986961774,522.746566098673,520.8257335011689,518.9049009036646,516.9840683061602,515.063235708656,513.1424031111518,510.84302326684974,508.4941099224411,506.1451965780324,503.7962832336237,500.2373051053364,495.745481941397,491.3226260650133,487.0677961779138,482.81296629081436,482.33653860287797
/Users/jonathanharrison/Documents/DPhil/minimal_branch/rstan_analysis/data/Example14/20170717_oocyte_stg7_phalloidin-488_grk-546_Z_06.tif.ome.tif,1,39,463.77791524369036,463.909886510452,464.0418577772136,464.1738290439752,464.30580031073686,464.4377715774985,464.56974284426013,464.7017141110218,465.4281798294541,469.0291243599368,473.90525224777844,478.7813801356201,483.65750802346173,488.5336359113034,493.07856888948305,497.48728123532055,499.40741013685283,500.44452316938083,501.4816362019089,502.688354815964,504.3275154432433,505.9666760705227,507.6058366978021,509.24499732508144,510.8841579523609,515.2420071729983,521.0379103879283,526.8338136028582,532.6297168177881,538.425620032718,544.3096054501418,550.230459139463,556.1513128287844,561.6640525702074,566.8653692772817,572.066685984356,577.2680026914301,582.4693193985044,587.6706361055784,592.7612465643024,597.0422665088876,599.9286709683915,602.8150754278953,605.7014798873992,608.587884346903,611.4182646158032,613.3339183505196,615.1913195051405,617.0487206597612,618.9061218143821,620.763522969003,622.3130683322723,621.8304626077243,621.3478568831762,620.8652511586282,620.2306279908571,619.4496204175023,618.6686128441476,617.8876052707925,617.1065976974378,616.3255901240831,615.5445825507281,614.7635749773734,612.4157302816403,609.7900720220642,607.1644137624884,604.5387555029123,601.8342970582007,599.0340266978085,596.2337563374161,593.4334859770239,590.6332156166317,587.8329452562394,585.0326748958471,582.2324045354549,579.4321341750624,576.6318638146703,573.831593454278,570.4700777348065,564.9800035280404,559.264760358643,553.5495171892458,547.8342740198485,542.1190308504512,536.4037876810539,530.6885445116567,524.9733013422594,519.2580581728621,513.5428150034649,507.8275718340676,502.29958073438115,496.79609186128187,491.2926029881826,485.78911411508335,481.13739442554134,477.1423078890245,473.1051779463369,468.96561705174355,464.8260561571503,463.77791524369036
/Users/jonathanharrison/Documents/DPhil/minimal_branch/rstan_analysis/data/Example14/20170717_oocyte_stg7_phalloidin-488_grk-546_Z_06.tif.ome.tif,1,40,479.37175468695744,473.1787119945731,466.98566930218885,460.7926266098046,454.5995839174204,448.4065412250361,442.21349853265184,436.02045584026763,430.40196173861824,426.0613516088443,422.26670741663247,418.47206322442065,414.6774190322088,410.882774839997,406.6859803921109,402.3237813425041,396.70689499442005,390.6448120837176,384.58272917301537,378.7717274126565,373.6009052805842,368.43008314851187,363.25926101643967,358.0884388843674,352.9176167522951,349.97116988683223,348.20130931549943,346.43144874416663,344.6615881728339,342.8917276015011,341.45549992582545,340.1589198516265,338.8623397774275,336.646796229146,333.7300112873068,330.81322634546774,327.89644140362856,324.9796564617895,322.0628715199503,320.6162772227268,321.93547312656534,326.9312432835348,331.92701344050437,336.9227835974738,341.9185537544433,346.96472670448725,352.8330727345863,358.72175985931193,364.6104469840375,370.49913410876303,376.38782123348864,382.316176127061,388.5063773197057,394.6965785123504,400.88677970499504,407.01869316517076,413.09447875679797,419.17026434842506,425.2460499400524,431.3218355316795,437.3976211233068,443.473406714934,449.5491923065612,455.25966766160417,460.90537040098434,466.5510731403645,472.19677587974473,477.7750413300552,483.2713108327293,488.76758033540335,494.2638498380775,499.7601193407516,505.2563888434258,510.75265834609974,516.2489278487739,521.745197351448,527.2414668541221,532.7377363567963,535.6981778325567,534.2784052587546,532.3993309193047,530.5202565798548,528.6411822404051,526.7621079009554,524.8830335615054,523.0039592220556,521.1248848826059,519.2458105431559,517.3667362037062,515.4876618642564,512.8514930312111,510.11625719795256,507.38102136469394,504.64578553143537,500.94249787107384,496.4929341821907,492.1813050684191,488.2057279332159,484.23015079801274,483.27729542214
/Users/jonathanharrison/Documents/DPhil/minimal_branch/rstan_analysis/data/Example14/20170717_oocyte_stg7_phalloidin-488_grk-546_Z_06.tif.ome.tif,1,40,458.44695993453905,458.7109024680622,458.9748450015855,459.23878753510877,459.50273006863205,459.76667260215527,460.03061513567854,460.2945576692018,461.7474891060665,465.605188718477,470.4830350167745,475.36088131507205,480.2387276133697,485.1165739116671,489.3320303906408,493.2750456049301,495.2271940637752,496.472929827417,497.7186655910587,499.3036125177544,501.75344347089884,504.2032744240432,506.65310537718756,509.10293633033194,511.55276728347627,516.1775491113071,521.952774134572,527.7279991578367,533.5032241811017,539.2784492043664,545.2298386326189,551.2549646046666,557.2800905767143,562.9787253904432,568.4282217766931,573.8777181629432,579.327214549193,584.776710935443,590.2262073216929,595.4542912112421,599.9635070333703,603.3570304674336,606.7505539014967,610.1440773355598,613.537600769623,616.819075822479,618.2727783953338,619.6798789041122,621.0869794128906,622.4940799216691,623.9011804304474,625.0619963061446,624.5970913115879,624.1321863170311,623.6672813224745,622.8983414414719,621.8366327493017,620.7749240571314,619.713215364961,618.6515066727908,617.5897979806206,616.5280892884504,615.4663805962801,613.1512022062074,610.6137729650601,608.0763437239129,605.5389144827657,602.8438848713477,599.957231428568,597.0705779857882,594.1839245430086,591.297271100229,588.4106176574493,585.5239642146695,582.6373107718899,579.7506573291101,576.8640038863306,573.9773504435508,569.9682062826128,564.2376418951822,558.3269423376465,552.416242780111,546.5055432225755,540.5948436650399,534.6841441075044,528.7734445499688,522.8627449924334,516.9520454348977,511.0413458773622,505.1306463198266,499.59445090171283,494.1072599367733,488.62006897183375,483.1328780068943,478.32710238880054,474.04663329312706,469.682077385112,465.1126595732855,460.54324176145883,458.44695993453894
/Users/jonathanharrison/Documents/DPhil/minimal_branch/rstan_analysis/data/Example14/20170717_oocyte_stg7_phalloidin-488_grk-546_Z_06.tif.ome.tif,1,41,481.288896690015,474.9284882028256,468.5680797156362,462.20767122844677,455.84726274125745,449.486854254068,443.12644576687853,436.7660372796892,431.2674516786021,426.7908140962413,422.72365096705215,418.6564878378629,414.5893247086738,410.5221615794847,405.85177306678406,400.9332776515025,395.073766762363,388.8803584512598,382.68695014015657,376.8701635545687,372.01364641141055,367.15712926825245,362.3006121250944,357.44409498193636,352.58757783877826,349.39934214557724,347.0935461729737,344.7877502003703,342.48195422776683,340.1761582551634,338.3708116260455,336.77493639914286,335.17906117224015,332.89396333977544,330.0829344621426,327.27190558450974,324.4608767068769,321.64984782924404,318.83881895161124,318.2330760409017,320.2926044159453,325.10956348083687,329.9265225457286,334.7434816106203,339.560440675512,344.4530039300153,350.57846002892666,356.71917194880797,362.8598838686891,369.00059578857037,375.1413077084517,381.311770454968,387.6786179257885,394.045465396609,400.4123128674296,406.6917287395467,412.88695280884104,419.0821768781354,425.27740094742984,431.4726250167241,437.6678490860185,443.86307315531286,450.05829722460726,455.97953861646334,461.8522005465725,467.7248624766816,473.5975244067907,479.3690304032952,485.01754247834515,490.66605455339504,496.314566628445,501.963078703495,507.61159077854495,513.260102853595,518.9086149286449,524.5571270036947,530.2056390787448,535.8541511537948,537.6989211884742,536.2060814313146,534.3687653499193,532.5314492685238,530.6941331871285,528.8568171057332,527.0195010243378,525.1821849429424,523.3448688615471,521.5075527801517,519.6702366987564,517.8329206173611,514.8599627955724,511.7384044734641,508.6168461513555,505.49528782924705,501.6476906368113,497.2403864229844,493.03998407182485,489.3436596885179,485.6473353052111,484.21805224140206
/Users/jonathanharrison/Documents/DPhil/minimal_branch/rstan_analysis/data/Example14/20170717_oocyte_stg7_phalloidin-488_grk-546_Z_06.tif.ome.tif,1,41,453.1160046253877,453.51191842567255,453.90783222595746,454.3037460262423,454.6996598265273,455.09557362681215,455.49148742709707,455.887401227382,458.066798382679,462.1812530770171,467.06081778577055,471.94038249452404,476.8199472032775,481.6995119120309,485.58549189179854,489.0628099745397,491.0469779906976,492.5013364854531,493.9556949802086,495.9188702195449,499.17937149855425,502.4398727775636,505.700374056573,508.9608753355824,512.2213766145918,517.113091049616,522.8676378812157,528.6221847128155,534.3767315444152,540.1312783760148,546.1500718150961,552.2794700698702,558.408868324644,564.2933982106789,569.9910742761047,575.6887503415304,581.3864264069559,587.0841024723817,592.7817785378073,598.1473358581818,602.8847475578532,606.7853899664756,610.6860323750981,614.5866747837206,618.4873171923431,622.2198870291546,623.211638440148,624.168438303084,625.1252381660199,626.0820380289559,627.0388378918918,627.810924280017,627.3637200154516,626.9165157508862,626.4693114863209,625.5660548920865,624.2236450811009,622.8812352701152,621.5388254591295,620.1964156481439,618.8540058371583,617.5115960261726,616.1691862151869,613.8866741307744,611.437473908056,608.9882736853375,606.5390734626191,603.8534726844945,600.8804361593274,597.9073996341604,594.9343631089934,591.9613265838262,588.9882900586591,586.015253533492,583.0422170083251,580.0691804831578,577.0961439579909,574.1231074328238,569.4663348304191,563.495280262324,557.38912431665,551.2829683709763,545.1768124253025,539.0706564796286,532.9645005339548,526.858344588281,520.7521886426072,514.6460326969333,508.53987675125956,502.43372080558566,496.8893210690444,491.41842801226466,485.94753495548485,480.47664189870517,475.51681035205974,470.95095869722945,466.25897682388705,461.25970209482733,456.2604273657674,453.11600462538763
/Users/jonathanharrison/Documents/DPhil/minimal_branch/rstan_analysis/data/Example14/20170717_oocyte_stg7_phalloidin-488_grk-546_Z_06.tif.ome.tif,1,42,483.2060386930727,476.6782644110781,470.1504901290835,463.62271584708895,457.0949415650944,450.56716728309993,444.0393930011053,437.5116187191108,432.132941618586,427.5202765836384,423.1805945174719,418.8409124513053,414.50123038513885,410.1615483189724,405.0175657414572,399.54277396050094,393.44063853030593,387.11590481880194,380.79117110729777,374.96859969648085,370.4263875422369,365.884175387993,361.34196323374914,356.79975107950526,352.2575389252614,348.82751440432213,345.985783030448,343.1440516565738,340.3023202826997,337.4605889088256,335.2861233262656,333.3909529466592,331.4957825670527,329.1411304504049,326.43585763697837,323.7305848235518,321.0253120101252,318.32003919669864,315.61476638327207,315.8498748590767,318.64973570532516,323.287883678139,327.9260316509529,332.56417962376673,337.2023275965806,341.94128115554344,348.32384732326705,354.716584038304,361.1093207533408,367.50205746837764,373.8947941834146,380.3073647828749,386.8508585318712,393.3943522808677,399.93784602986415,406.36476431392265,412.6794268608842,418.9940894078456,425.3087519548072,431.62341450176865,437.93807704873024,444.25273959569176,450.5674021426533,456.69940957132263,462.7990306921606,468.89865181299865,474.9982729338367,480.9630194765352,486.76377412396096,492.56452877138673,498.36528341881257,504.16603806623834,509.9667927136641,515.76754736109,521.5683020085158,527.3690566559416,533.1698113033674,538.9705659507932,539.6996645443916,538.1337576038746,536.3381997805337,534.5426419571928,532.7470841338519,530.951526310511,529.1559684871701,527.3604106638293,525.5648528404885,523.7692950171473,521.9737371938065,520.1781793704656,516.8684325599339,513.3605517489756,509.8526709380171,506.34479012705873,502.3528834025488,497.98783866377806,493.8986630752306,490.48159144382,487.06451981240934,485.158809060664
/Users/jonathanharrison/Documents/DPhil/minimal_branch/rstan_analysis/data/Example14/20170717_oocyte_stg7_phalloidin-488_grk-546_Z_06.tif.ome.tif,1,42,447.7850493162364,448.3129343832829,448.84081945032943,449.3687045173759,449.89658958442243,450.424474651469,450.95235971851554,451.4802447855621,454.38610765929144,458.7573174355573,463.6386005547667,468.519883673976,473.4011667931854,478.2824499123947,481.8389533929562,484.8505743441492,486.86676191762007,488.5297431434892,490.19272436935836,492.5341279213353,496.60529952620976,500.6764711310841,504.74764273595855,508.8188143408329,512.8899859457073,518.0486329879249,523.7825016278595,529.5163702677941,535.2502389077287,540.9841075476633,547.0703049975733,553.3039755350736,559.5376460725738,565.6080710309147,571.5539267755162,577.4997825201176,583.4456382647189,589.3914940093204,595.3373497539217,600.8403805051215,605.8059880823358,610.2137494655177,614.6215108486995,619.0292722318814,623.4370336150631,627.6206982358304,628.1504984849622,628.6569977020558,629.1634969191492,629.6699961362428,630.1764953533363,630.5598522538893,630.1303487193153,629.7008451847413,629.2713416501673,628.2337683427013,626.6106574129002,624.9875464830992,623.364435553298,621.741324623497,620.1182136936959,618.4951027638948,616.8719918340937,614.6221460553414,612.2611748510518,609.9002036467622,607.5392324424726,604.8630604976414,601.803640890087,598.7442212825325,595.684801674978,592.6253820674235,589.5659624598691,586.5065428523145,583.4471232447601,580.3877036372055,577.3282840296511,574.2688644220966,568.9644633782254,562.7529186294657,556.4513062956536,550.1496939618415,543.8480816280294,537.5464692942173,531.2448569604053,524.9432446265931,518.6416322927811,512.340019958969,506.03840762515694,499.7367952913448,494.1841912363761,488.7295960877561,483.2750009391361,477.82040579051613,472.706518315319,467.85528410133196,462.83587626266217,457.40674461636917,451.977612970076,447.7850493162364
/Users/jonathanharrison/Documents/DPhil/minimal_branch/rstan_analysis/data/Example14/20170717_oocyte_stg7_phalloidin-488_grk-546_Z_06.tif.ome.tif,1,43,485.12318069613025,478.4280406193306,471.73290054253084,465.0377604657312,458.3426203889315,451.6474803121318,444.9523402353321,438.2572001585324,432.9984315585698,428.24973907103544,423.6375380678915,419.0253370647477,414.41313606160384,409.80093505846,404.1833584161304,398.1522702694993,391.8075102982489,385.35145118634404,378.8953920744391,373.06703583839294,368.83912867306327,364.61122150773355,360.38331434240393,356.1554071770741,351.9275000117445,348.2556866630671,344.87801988792233,341.5003531127775,338.1226863376326,334.74501956248787,332.20143502648574,330.00696949417556,327.8125039618653,325.38829756103434,322.7887808118141,320.18926406259385,317.5897473133735,314.99023056415325,312.39071381493295,313.46667367725166,317.00686699470504,321.46620387544107,325.92554075617716,330.38487763691325,334.8442145176493,339.42955838107144,346.06923461760744,352.71399612780004,359.3587576379925,366.003519148185,372.6482806583775,379.30295911078184,386.02309913795403,392.7432391651264,399.46337919229865,406.0377998882986,412.4719009129273,418.90600193755586,425.3401029621846,431.7742039868133,438.20830501144184,444.64240603607067,451.07650706069927,457.41928052618186,463.7458608377488,470.0724411493157,476.3990214608827,482.55700854977505,488.5100057695768,494.46300298937837,500.41600020918014,506.3689974289817,512.3219946487834,518.2749918685851,524.2279890883868,530.1809863081884,536.13398352799,542.0869807477918,541.7004079003091,540.0614337764346,538.3076342111482,536.5538346458617,534.8000350805754,533.0462355152889,531.2924359500025,529.5386363847161,527.7848368194296,526.0310372541431,524.2772376888566,522.5234381235704,518.8769023242953,514.9826990244871,511.0884957246787,507.19429242487035,503.05807616828616,498.7352909045717,494.7573420786364,491.61952319912206,488.4817043196078,486.09956587992605
/Users/jonathanharrison/Documents/DPhil/minimal_branch/rstan_analysis/data/Example14/20170717_oocyte_stg7_phalloidin-488_grk-546_Z_06.tif.ome.tif,1,43,442.4540940070851,443.11395034089327,443.77380667470135,444.4336630085095,445.09351934231773,445.75337567612587,446.413232009934,447.07308834374226,450.70541693590394,455.3333817940974,460.2163833237627,465.0993848534279,469.98238638309334,474.86538791275854,478.092414894114,480.6383387137587,482.6865458445425,484.55814980152536,486.42975375850824,489.14938562312585,494.0312275538652,498.9130694846046,503.79491141534396,508.67675334608333,513.5585952768228,518.9841749262337,524.6973653745032,530.4105558227727,536.1237462710423,541.8369367193117,547.9905381800505,554.3284810002771,560.6664238205035,566.9227438511505,573.1167792749276,579.3108146987048,585.5048501224818,591.698885546259,597.892920970036,603.5334251520612,608.7272286068186,613.6421089645598,618.5569893223009,623.471869680042,628.3867500377833,633.0215094425062,633.0893585297764,633.1455571010275,633.2017556722786,633.2579542435296,633.3141528147809,633.3087802277616,632.896977423179,632.4851746185963,632.0733718140136,630.9014817933161,628.9976697446996,627.0938576960831,625.1900456474665,623.2862335988501,621.3824215502336,619.478609501617,617.5747974530005,615.3576179799084,613.0848757940475,610.8121336081869,608.539391422326,605.8726483107881,602.7268456208463,599.5810429309046,596.4352402409626,593.2894375510208,590.143634861079,586.997832171137,583.8520294811952,580.7062267912532,577.5604241013114,574.4146214113696,568.4625919260317,562.0105569966075,555.5134882746571,549.0164195527068,542.5193508307564,536.022282108806,529.5252133868557,523.0281446649053,516.531075942955,510.0340072210047,503.53693849905426,497.0398697771039,491.4790614037077,486.0407641632475,480.60246692278724,475.164169682327,469.8962262785781,464.7596095054344,459.41277570143734,453.553787137911,447.69479857438455,442.45409400708496
/Users/jonathanharrison/Documents/DPhil/minimal_branch/rstan_analysis/data/Example14/20170717_oocyte_stg7_phalloidin-488_grk-546_Z_06.tif.ome.tif,1,44,487.0403226991879,480.17781682758306,473.3153109559782,466.45280508437344,459.5902992127685,452.7277933411637,445.8652874695588,439.00278159795397,433.8639214985537,428.9792015584325,424.09448161831125,419.20976167819003,414.3250417380689,409.4403217979477,403.34915109080356,396.76176657849766,390.174382066192,383.5869975538861,376.9996130415804,371.1654719803052,367.25186980388963,363.3382676274741,359.4246654510586,355.51106327464305,351.5974610982276,347.6838589218121,343.7702567453966,339.85665456898107,335.94305239256556,332.0294502161501,329.11674672670586,326.6229860416919,324.12922535667786,321.63546467166384,319.1417039866498,316.64794330163585,314.1541826166218,311.66042193160786,309.16666124659383,311.0834724954266,315.3639982840849,319.64452407274314,323.9250498614014,328.2055756500597,332.4861014387179,336.91783560659957,343.81462191194777,350.71140821729597,357.60819452264406,364.5049808279923,371.40176713334057,378.29855343868877,385.19533974403686,392.09212604938506,398.98891235473326,405.71083546267454,412.26437496497033,418.8179144672661,425.37145396956197,431.9249934718578,438.47853297415367,445.0320724764495,451.58561197874525,458.13915148104115,464.69269098333695,471.2462304856328,477.7997699879286,484.15099762301514,490.25623741519263,496.36147720737,502.4667169995476,508.57195679172514,514.6771965839026,520.7824363760802,526.8876761682577,532.9929159604352,539.0981557526127,545.2033955447903,543.7011512562266,541.9891099489946,540.2770686417626,538.5650273345307,536.8529860272988,535.1409447200668,533.4289034128349,531.7168621056029,530.0048207983709,528.2927794911388,526.5807381839069,524.8686968766749,520.8853720886567,516.6048462999986,512.3243205113403,508.0437947226821,503.7632689340237,499.4827431453654,495.61602108204215,492.757454954424,489.89888882680606,487.04032269918804
/Users/jonathanharrison/Documents/DPhil/minimal_branch/rstan_analysis/data/Example14/20170717_oocyte_stg7_phalloidin-488_grk-546_Z_06.tif.ome.tif,1,44,437.1231386979337,437.9149662985035,438.7067938990733,439.4986214996431,440.2904491002129,441.08227670078276,441.8741043013525,442.6659319019223,447.0247262125163,451.9094461526376,456.79416609275876,461.67888603288,466.56360597300113,471.44832591312235,474.3458763952717,476.42610308336833,478.5063297714649,480.5865564595615,482.6667831476581,485.7646433249163,491.4571555815207,497.149667838125,502.84218009472943,508.53469235133383,514.2272046079382,519.9197168645426,525.612229121147,531.3047413777514,536.9972536343558,542.6897658909601,548.9107713625277,555.3529864654806,561.7952015684333,568.2374166713862,574.6796317743391,581.121846877292,587.5640619802447,594.0062770831977,600.4484921861505,606.2264697990009,611.6484691313013,617.0704684636019,622.4924677959023,627.9144671282028,633.3364664605033,638.4223206491819,638.0282185745906,637.6341164999993,637.2400144254079,636.8459123508165,636.4518102762253,636.057708201634,635.6636061270426,635.2695040524513,634.8754019778601,633.5691952439308,631.3846820764988,629.200168909067,627.015655741635,624.8311425742031,622.6466294067712,620.4621162393393,618.2776030719073,616.0930899044754,613.9085767370434,611.7240635696114,609.5395504021794,606.8822361239351,603.6500503516058,600.4178645792766,597.1856788069473,593.9534930346181,590.7213072622889,587.4891214899595,584.2569357176303,581.0247499453009,577.7925641729717,574.5603784006424,567.960720473838,561.2681953637493,554.5756702536606,547.883145143572,541.1906200334834,534.4980949233948,527.8055698133062,521.1130447032175,514.4205195931289,507.7279944830403,501.03546937295164,494.3429442628629,488.7739315710393,483.3519322387389,477.92993290643835,472.50793357413795,467.0859342418374,461.6639349095369,455.98967514021234,449.70082965945284,443.4119841786932,437.1231386979337
/Users/jonathanharrison/Documents/DPhil/minimal_branch/rstan_analysis/data/Example14/20170717_oocyte_stg7_phalloidin-488_grk-546_Z_06.tif.ome.tif,1,45,487.0403226991879,480.17781682758306,473.3153109559782,466.4528050843734,459.5902992127685,452.7277933411637,445.8652874695588,439.00278159795397,433.8639214985537,428.9792015584325,424.09448161831125,419.20976167819003,414.3250417380689,409.4403217979477,403.3491510908035,396.7617665784977,390.1743820661919,383.58699755388614,376.99961304158035,371.16547198030514,367.25186980388963,363.3382676274741,359.4246654510586,355.51106327464305,351.5974610982276,347.6838589218121,343.7702567453966,339.85665456898107,335.94305239256556,332.0294502161501,329.11674672670586,326.6229860416919,324.12922535667786,321.63546467166384,319.1417039866498,316.64794330163585,314.1541826166218,311.66042193160786,309.16666124659383,311.0834724954266,315.3639982840849,319.64452407274314,323.9250498614014,328.2055756500597,332.4861014387179,336.91783560659957,343.81462191194777,350.711408217296,357.6081945226441,364.5049808279923,371.4017671333405,378.29855343868877,385.19533974403686,392.09212604938506,398.98891235473326,405.71083546267454,412.26437496497033,418.8179144672661,425.37145396956197,431.9249934718578,438.4785329741536,445.0320724764495,451.5856119787453,458.13915148104115,464.69269098333695,471.2462304856328,477.7997699879286,484.1509976230151,490.25623741519263,496.36147720737006,502.46671699954766,508.57195679172514,514.6771965839026,520.7824363760802,526.8876761682577,532.9929159604352,539.0981557526127,545.2033955447903,543.7011512562266,541.9891099489946,540.2770686417626,538.5650273345307,536.8529860272988,535.1409447200668,533.4289034128349,531.7168621056029,530.0048207983709,528.2927794911388,526.5807381839069,524.8686968766749,520.8853720886567,516.6048462999986,512.3243205113403,508.04379472268204,503.7632689340237,499.4827431453654,495.61602108204215,492.757454954424,489.89888882680606,487.04032269918804
/Users/jonathanharrison/Documents/DPhil/minimal_branch/rstan_analysis/data/Example14/20170717_oocyte_stg7_phalloidin-488_grk-546_Z_06.tif.ome.tif,1,45,437.1231386979337,437.9149662985035,438.7067938990733,439.4986214996431,440.2904491002129,441.0822767007827,441.8741043013525,442.6659319019223,447.0247262125163,451.90944615263754,456.79416609275876,461.67888603288,466.56360597300113,471.44832591312235,474.3458763952717,476.4261030833683,478.5063297714649,480.5865564595615,482.66678314765807,485.7646433249163,491.4571555815207,497.149667838125,502.84218009472943,508.53469235133383,514.2272046079382,519.9197168645426,525.612229121147,531.3047413777514,536.9972536343558,542.6897658909601,548.9107713625277,555.3529864654806,561.7952015684333,568.2374166713862,574.6796317743391,581.121846877292,587.5640619802447,594.0062770831977,600.4484921861505,606.2264697990009,611.6484691313013,617.0704684636019,622.4924677959023,627.9144671282028,633.3364664605033,638.4223206491819,638.0282185745906,637.6341164999993,637.2400144254079,636.8459123508165,636.4518102762253,636.057708201634,635.6636061270426,635.2695040524513,634.8754019778601,633.5691952439308,631.3846820764988,629.200168909067,627.015655741635,624.8311425742031,622.6466294067712,620.4621162393393,618.2776030719073,616.0930899044754,613.9085767370434,611.7240635696114,609.5395504021794,606.8822361239351,603.6500503516058,600.4178645792766,597.1856788069473,593.9534930346181,590.7213072622889,587.4891214899595,584.2569357176303,581.0247499453009,577.7925641729717,574.5603784006424,567.960720473838,561.2681953637493,554.5756702536606,547.883145143572,541.1906200334834,534.4980949233948,527.8055698133062,521.1130447032175,514.4205195931289,507.7279944830403,501.03546937295164,494.34294426286294,488.7739315710393,483.3519322387389,477.92993290643835,472.50793357413795,467.0859342418374,461.6639349095369,455.9896751402124,449.70082965945284,443.4119841786932,437.1231386979337
/Users/jonathanharrison/Documents/DPhil/minimal_branch/rstan_analysis/data/Example14/20170717_oocyte_stg7_phalloidin-488_grk-546_Z_06.tif.ome.tif,1,46,482.57591023186654,475.5476565205941,468.51940280932166,461.49114909804916,454.46289538677667,447.4346416755043,440.4063879642318,434.8145057297964,429.434406961427,424.0543081930575,418.6742094246882,413.2941106563187,408.27221521286987,402.5954329572923,396.5051391974134,390.41484543753455,384.3245516776558,378.23425791777686,372.67321827049136,368.4045175454333,364.1358168203753,359.8671160953172,355.5984153702591,351.329714645201,347.28921931703627,343.2606906972757,339.23216207751506,335.2036334577544,331.17510483799384,327.9806584573759,325.31981781428095,322.924158669884,320.528499525487,318.13284038109003,315.7371812366932,313.34152209229615,310.94586294789923,308.5502038035023,309.8300212706443,313.8790267744534,318.66025327005985,323.4414797656664,328.2227062612729,333.00393275687935,337.9900802136904,345.07992619913495,352.16977218457964,359.25961817002417,366.3494641554687,373.4393101409132,380.5099645354591,387.53748939959047,394.56501426372205,401.5925391278534,408.4743446608125,415.2158305224004,421.94435455685203,428.67173689119187,435.3991192255319,442.1265015598717,448.8538838942116,455.58126622855156,462.3086485628914,469.0408553624013,475.78825497388374,482.5356545853661,489.11446097417405,495.48827749389125,501.8620940136083,508.2359105333255,514.6097270530425,520.9835435727597,527.3573600924769,533.7311766121941,540.1049931319112,546.4788096516284,552.1525869560244,549.9879697003408,547.648521595767,545.3090734911932,542.9696253866194,540.6301772820458,538.2907291774719,535.9512810728983,533.6118329683245,531.6223068191658,529.7626621878982,527.9030175566305,526.0433729253631,522.290992060107,518.2909436943177,514.2908953285281,510.2908469627385,506.29079859694895,502.2907502311595,498.6355383031492,495.7550930670577,492.4742376064348,489.19338214581194,488.2946651248706
/Users/jonathanharrison/Documents/DPhil/minimal_branch/rstan_analysis/data/Example14/20170717_oocyte_stg7_phalloidin-488_grk-546_Z_06.tif.ome.tif,1,46,434.6471389675352,435.60708878052986,436.56703859352456,437.52698840651925,438.4869382195139,439.44688803250864,440.40683784550333,444.3392599168515,448.709953346139,453.0806467754266,457.4513402047141,461.8220336340016,466.64839375589554,470.26463249026807,473.19976806292993,476.13490363559185,479.0700392082538,482.0051747809155,485.7126026976646,491.3452148921296,496.9778270865947,502.61043928105966,508.24305147552474,513.8756636699899,519.7116023983607,525.5582032292725,531.4048040601843,537.2514048910962,543.0980057220079,549.3850175653891,555.9394678411893,562.613361970104,569.2872560990191,575.9611502279341,582.6350443568492,589.3089384857641,595.9828326146791,602.656726743594,608.777089630757,614.219647051334,619.3130900938049,624.4065331362757,629.4999761787466,634.5934192212175,639.0227290905341,638.644587581548,638.2664460725618,637.8883045635756,637.5101630545895,637.1320215456034,636.6437538863916,635.9079981908509,635.1722424953101,634.4364867997693,632.9406438881138,630.712878948539,628.4465840144381,626.1768952918999,623.9072065693617,621.6375178468235,619.3678291242852,617.098140401747,614.8284516792088,612.5734647400826,610.3647754574155,608.1560861747485,605.5533959664044,602.4716461796564,599.3898963929083,596.3081466061601,593.226396819412,590.144647032664,587.0628972459158,583.9811474591678,580.8993976724195,577.8176478856714,574.5456739285415,568.0601922131069,561.4973211782689,554.9344501434306,548.3715791085925,541.8087080737545,535.2458370389164,528.6829660040784,522.1200949692402,515.3486398125505,508.49976389978974,501.6508879870289,494.80201207426813,488.88939651006154,483.099292078791,477.30918764752033,471.5190832162498,465.72897878497906,459.9388743537084,453.9385528915845,447.4644151714637,441.2251361364515,434.98585710143954,433.98728263372703
/Users/jonathanharrison/Documents/DPhil/minimal_branch/rstan_analysis/data/Example14/20170717_oocyte_stg7_phalloidin-488_grk-546_Z_06.tif.ome.tif,1,47,484.97400363615003,477.78000208521,470.58600053426994,463.3919989833298,456.19799743238974,449.0039958814496,441.8099943305096,435.7650899610392,429.88961236442157,424.01413476780385,418.1386571711862,412.2631795745686,407.10410862779196,401.8417148237811,396.2485118163292,390.65530880887724,385.06210580142533,379.4689027939735,374.1809645606777,369.55716528697707,364.9333660132764,360.3095667395758,355.68576746587513,351.06196819217456,346.8945797122605,342.75112464915475,338.607669586049,334.4642145229432,330.3207594598375,326.84457018804596,324.01664958686996,321.71909198309004,319.4215343793101,317.1239767755303,314.8264191717504,312.5288615679705,310.23130396419066,307.9337463604108,308.57657004586207,312.3940552648219,317.67598246737657,322.9579096699313,328.239836872486,333.5217640750407,339.06232482078127,346.3452304863222,353.6281361518632,360.9110418174041,368.1939474829451,375.47685314848604,382.72137563222947,389.8796390551442,397.0379024780589,404.19616590097365,411.2378538589505,418.1672860798303,425.07079464643795,431.9720198128219,438.8732449792058,445.77447014558976,452.6756953119737,459.57692047835764,466.4781456447417,473.3890197414656,480.33027946213457,487.27153918280356,494.07792432533296,500.72031757258975,507.36271081984654,514.0051040671034,520.6474973143601,527.2898905616169,533.9322838088736,540.5746770561304,547.2170703033872,553.8594635506439,559.1017783672584,556.274788144455,553.3079332425394,550.3410783406238,547.3742234387082,544.4073685367927,541.4405136348772,538.4736587329616,535.506803831046,533.2397928399606,531.2325448846574,529.2252969293542,527.2180489740512,523.696612031557,519.9770410886366,516.2574701457157,512.5378992027951,508.81832825987436,505.09875731695365,501.6550555242563,498.75273117969135,495.04958638606354,491.34644159243584,489.5490075505533
/Users/jonathanharrison/Documents/DPhil/minimal_branch/rstan_analysis/data/Example14/20170717_oocyte_stg7_phalloidin-488_grk-546_Z_06.tif.ome.tif,1,47,431.3793116365669,432.5073836619865,433.635455687406,434.76352771282563,435.89159973824525,437.01967176366475,438.14774378908425,441.65379362118665,445.5104605396405,449.36712745809433,453.22379437654826,457.08046129500195,461.84846159866885,466.18338858526454,469.97343304249165,473.7634774997188,477.55352195694604,481.34356641417315,485.6605620704128,491.2332742027385,496.80598633506423,502.37869846738994,507.9514105997157,513.5241227320414,519.5034879321787,525.5041773373981,531.5048667426173,537.5055561478365,543.5062455530557,549.8592637682505,556.525949216898,563.4315223717749,570.3370955266521,577.2426686815293,584.1482418364063,591.0538149912833,597.9593881461604,604.8649613010376,611.3277094625131,616.7908249713668,621.555711724008,626.3205984766491,631.0854852292904,635.8503719819315,639.6231375318863,639.2609565885053,638.8987756451244,638.5365947017434,638.1744137583624,637.8122328149815,637.2297995711492,636.152390254659,635.0749809381688,633.9975716216787,632.3120925322966,630.0410758205793,627.6929991198094,625.3381348421648,622.9832705645204,620.6284062868758,618.2735420092313,615.9186777315866,613.5638134539422,611.2383527431217,609.0054873452196,606.7726219473175,604.2245558088738,601.2932420077069,598.36192820654,595.4306144053729,592.499300604206,589.5679868030392,586.636673001872,583.7053592007052,580.7740453995381,577.8427315983712,574.5309694564406,568.1596639523759,561.7264469927883,555.2932300332008,548.8600130736131,542.4267961140255,535.993579154438,529.5603621948504,523.1271452352629,516.276760031972,509.2715333165391,502.26630660110624,495.2610798856733,489.0048614490838,482.84665191884307,476.68844238860225,470.53023285836156,464.37202332812075,458.21381379788,451.88743064295653,445.2280006834746,439.0382880942099,432.84857550494536,430.85142656952047
/Users/jonathanharrison/Documents/DPhil/minimal_branch/rstan_analysis/data/Example14/20170717_oocyte_stg7_phalloidin-488_grk-546_Z_06.tif.ome.tif,1,48,487.3720970404336,480.01234764982587,472.6525982592182,465.2928488686105,457.9330994780028,450.57335008739506,443.21360069678735,436.71567419228194,430.3448177674161,423.9739613425502,417.60310491768433,411.2322484928184,405.93600204271405,401.08799669026985,395.9918844352449,390.8957721802199,385.79965992519493,380.70354767017005,375.68871085086397,370.7098130285208,365.73091520617754,360.75201738383436,355.7731195614911,350.794221739148,346.4999401074847,342.24155860103383,337.98317709458297,333.7247955881321,329.46641408168125,325.708481918716,322.71348135945897,320.51402529629615,318.31456923313334,316.1151131699705,313.9156571068077,311.71620104364484,309.5167449804821,307.3172889173193,307.32311882107985,310.90908375519035,316.6917116646933,322.4743395741962,328.2569674836992,334.03959539320215,340.1345694278721,347.6105347735094,355.0865001191468,362.5624654647841,370.0384308104214,377.51439615605887,384.9327867289999,392.2217887106978,399.51079069239586,406.7997926740938,414.0013630570884,421.11874163726026,428.19723473602386,435.27230273445184,442.3473707328799,449.4224387313079,456.4975067297359,463.57257472816383,470.64764272659187,477.73718412052995,484.87230395038546,492.007423780241,499.0413876764919,505.95235765128837,512.8633276260847,519.7742976008811,526.6852675756776,533.596237550474,540.5072075252705,547.4181775000668,554.3291474748631,561.2401174496596,566.0509697784923,562.5616065885691,558.9673448893117,555.3730831900544,551.778821490797,548.1845597915396,544.5902980922823,540.996036393025,537.4017746937675,534.8572788607555,532.7024275814167,530.5475763020779,528.3927250227392,525.1022320030073,521.6631384829556,518.2240449629035,514.7849514428517,511.3458579227997,507.90676440274774,504.6745727453634,501.75036929232493,497.6249351656923,493.4995010390597,490.803349976236
/Users/jonathanharrison/Documents/DPhil/minimal_branch/rstan_analysis/data/Example14/20170717_oocyte_stg7_phalloidin-488_grk-546_Z_06.tif.ome.tif,1,48,428.1114843055986,429.4076785434431,430.70387278128754,432.000067019132,433.2962612569765,434.59245549482085,435.8886497326653,438.96832732552184,442.31096773314204,445.6536081407621,448.9962485483823,452.3388889560024,457.04852944144204,462.1021446802609,466.7470980220534,471.3920513638457,476.03700470563825,480.6819580474307,485.60852144316095,491.12133351334734,496.6341455835338,502.14695765372016,507.65976972390655,513.1725817940929,519.2953734659968,525.4501514455236,531.6049294250503,537.759707404577,543.9144853841035,550.3335099711118,557.1124305926065,564.2496827734458,571.386934954285,578.5241871351243,585.6614393159634,592.7986914968027,599.9359436776418,607.0731958584812,613.8783292942692,619.3620028913996,623.7983333542111,628.2346638170225,632.6709942798341,637.1073247426456,640.2235459732384,639.8773255954626,639.531105217687,639.1848848399111,638.8386644621354,638.4924440843596,637.8158452559069,636.3967823184672,634.9777193810276,633.558656443588,631.6835411764794,629.3692726926195,626.9394142251806,624.4993743924297,622.0593345596789,619.6192947269282,617.1792548941772,614.7392150614263,612.2991752286756,609.9032407461608,607.6461992330237,605.3891577198866,602.8957156513433,600.1148378357574,597.3339600201716,594.5530822045858,591.772204389,588.9913265734142,586.2104487578284,583.4295709422425,580.6486931266567,577.8678153110709,574.5162649843396,568.2591356916448,561.9555728073077,555.6520099229707,549.3484470386337,543.0448841542966,536.7413212699596,530.4377583856226,524.1341955012855,517.2048802513935,510.0433027332886,502.8817252151835,495.7201476970786,489.120326388106,482.5940117588952,476.0676971296842,469.5413825004734,463.0150678712624,456.4887532420515,449.83630839432857,442.99158619548547,436.85144005196827,430.7112939084512,427.71557050531374
/Users/jonathanharrison/Documents/DPhil/minimal_branch/rstan_analysis/data/Example14/20170717_oocyte_stg7_phalloidin-488_grk-546_Z_06.tif.ome.tif,1,49,489.7701904447171,482.24469321444184,474.71919598416645,467.1936987538911,459.66820152361583,452.1427042933405,444.6172070630652,437.66625842352477,430.8000231704106,423.9337879172965,417.0675526641824,410.20131741106826,404.76789545763614,400.33427855675865,395.7352570541607,391.13623555156255,386.5372140489646,381.93819254636657,377.1964571410502,371.86246077006444,366.5284643990787,361.194468028093,355.86047165710715,350.52647528612147,346.105300502709,341.73199255291297,337.35868460311696,332.9853766533209,328.612068703525,324.5723936493861,321.41031313204803,319.30895860950227,317.20760408695645,315.10624956441075,313.004895041865,310.9035405193192,308.8021859967735,306.70083147422775,306.0696675962976,309.42411224555883,315.70744086201,321.99076947846123,328.2740980949124,334.5574267113636,341.2068140349629,348.8758390606967,356.54486408643044,364.21388911216417,371.88291413789784,379.5519391636315,387.14419782577016,394.5639383662515,401.9836789067328,409.403419447214,416.7648722552264,424.07019719469025,431.32367482560977,438.57258565608186,445.82149648655394,453.07040731702597,460.319318147498,467.56822897797,474.81713980844216,482.0853484995943,489.4143284386364,496.7433083776785,504.0048510276509,511.18439772998687,518.363944432323,525.5434911346591,532.7230378369951,539.9025845393311,547.0821312416671,554.2616779440032,561.4412246463393,568.6207713486752,573.0001611897264,568.8484250326834,564.6267565360841,560.4050880394849,556.1834195428858,551.9617510462866,547.7400825496875,543.5184140530882,539.2967455564891,536.4747648815504,534.172310278176,531.8698556748017,529.5674010714273,526.5078519744575,523.3492358772745,520.1906197800913,517.0320036829081,513.873387585725,510.7147714885419,507.6940899664705,504.74800740495857,500.200283945321,495.6525604856836,492.05769240191876
/Users/jonathanharrison/Documents/DPhil/minimal_branch/rstan_analysis/data/Example14/20170717_oocyte_stg7_phalloidin-488_grk-546_Z_06.tif.ome.tif,1,49,424.8436569746303,426.30797342489967,427.772289875169,429.23660632543834,430.70092277570774,432.165239225977,433.6295556762463,436.28286102985703,439.1114749266435,441.94008882342996,444.7687027202164,447.5973166170029,452.2485972842153,458.02090077525736,463.520763001615,469.02062522797274,474.5204874543305,480.0203496806882,485.55648081590925,491.00939282395626,496.4623048320034,501.9152168400504,507.36812884809757,512.8210408561446,519.0872589998149,525.3961255536491,531.7049921074831,538.0138586613172,544.3227252151513,550.8077561739732,557.6989119683152,565.0678431751165,572.436774381918,579.8057055887193,587.1746367955207,594.543568002322,601.9124992091233,609.2814304159247,616.4289491260253,621.9331808114322,626.0409549844142,630.1487291573959,634.2565033303778,638.3642775033596,640.8239544145907,640.49369460242,640.1634347902495,639.8331749780788,639.5029151659082,639.1726553537377,638.4018909406644,636.6411743822754,634.8804578238863,633.1197412654973,631.0549898206622,628.6974695646596,626.1858293305518,623.6606139426946,621.1353985548375,618.6101831669804,616.0849677791233,613.5597523912661,611.0345370034089,608.5681287492,606.2869111208278,604.0056934924556,601.5668754938125,598.9364336638079,596.3059918338032,593.6755500037985,591.0451081737939,588.4146663437892,585.7842245137846,583.1537826837799,580.5233408537753,577.8928990237706,574.5015605122388,568.3586074309137,562.1846986218271,556.0107898127408,549.8368810036542,543.6629721945677,537.4890633854812,531.3151545763948,525.1412457673082,518.1330004708151,510.815072150038,503.4971438292608,496.17921550848376,489.23579132712825,482.34137159894726,475.4469518707662,468.5525321425851,461.65811241440406,454.763692686223,447.78518614570066,440.75517170749634,434.6645920097266,428.57401231195695,424.5797144411071
/Users/jonathanharrison/Documents/DPhil/minimal_branch/rstan_analysis/data/Example14/20170717_oocyte_stg7_phalloidin-488_grk-546_Z_06.tif.ome.tif,1,50,492.1682838490006,484.4770387790577,476.78579370911467,469.0945486391718,461.4033035692289,453.712058499286,446.020813429343,438.6168426547675,431.2552285734052,423.89361449204284,416.5320004106805,409.1703863293182,403.5997888725583,399.5805604232475,395.47862967307634,391.37669892290523,387.2747681727342,383.1728374225631,378.70420343123646,373.01510851160816,367.3260135919798,361.63691867235156,355.94782375272325,350.2587288330949,345.7106608979331,341.22242650479205,336.7341921116509,332.2459577185097,327.75772332536866,323.4363053800561,320.1071449046371,318.1038919227083,316.1006389407796,314.097385958851,312.0941329769223,310.0908799949936,308.08762701306495,306.08437403113624,304.81621637151534,307.9391407359273,314.7231700593267,321.5071993827261,328.29122870612554,335.07525802952495,342.27905864205377,350.1411433478839,358.00322805371405,365.86531275954417,373.72739746537417,381.58948217120434,389.3556089225405,396.9060880218051,404.45656712106967,412.0070462203342,419.5283814533643,427.0216527521202,434.4501149151957,441.8728685777118,449.2956222402279,456.71837590274407,464.14112956526014,471.56388322777633,478.9866368902924,486.4335128786586,493.9563529268873,501.47919297511606,508.9683143788098,516.4164378086855,523.8645612385612,531.3126846684369,538.7608080983126,546.2089315281881,553.6570549580639,561.1051783879395,568.5533018178152,576.0014252476909,579.9493526009605,575.1352434767977,570.2861681828565,565.4370928889156,560.5880175949745,555.7389423010335,550.8898670070926,546.0407917131515,541.1917164192107,538.0922509023452,535.6421929749353,533.1921350475253,530.7420771201154,527.9134719459078,525.0353332715935,522.157194597279,519.2790559229647,516.4009172486503,513.522778574336,510.7136071875775,507.7456455175922,502.77563272494973,497.8056199323075,493.3120348276015
/Users/jonathanharrison/Documents/DPhil/minimal_branch/rstan_analysis/data/Example14/20170717_oocyte_stg7_phalloidin-488_grk-546_Z_06.tif.ome.tif,1,50,421.575829643662,423.20826830635633,424.8407069690505,426.47314563174467,428.10558429443887,429.7380229571331,431.37046161982727,433.59739473419216,435.91198212014496,438.22656950609775,440.54115689205054,442.8557442780032,447.4486651269886,453.9396568702537,460.29442798117674,466.6491990920997,473.0039702030228,479.35874131394576,485.50444018865755,490.8974521345652,496.29046408047293,501.68347602638073,507.07648797228853,512.4694999181962,518.8791445336329,525.3420996617746,531.8050547899161,538.2680099180576,544.7309650461991,551.2820023768346,558.2853933440239,565.8860035767874,573.4866138095509,581.0872240423145,588.6878342750779,596.2884445078414,603.8890547406047,611.4896649733682,618.9795689577813,624.504358731465,628.2835766146172,632.0627944977695,635.8420123809216,639.6212302640738,641.4243628559428,641.1100636093773,640.7957643628121,640.4814651162466,640.1671658696812,639.8528666231157,638.987936625422,636.8855664460835,634.783196266745,632.6808260874067,630.4264384648451,628.0256664366999,625.432244435923,622.8218534929595,620.2114625499961,617.6010716070327,614.9906806640691,612.3802897211058,609.7698987781423,607.2330167522392,604.9276230086319,602.6222292650247,600.238035336282,597.7580294918583,595.2780236474349,592.7980178030115,590.3180119585878,587.8380061141644,585.358000269741,582.8779944253173,580.3979885808939,577.9179827364704,574.4868560401378,568.4580791701827,562.4138244363467,556.3695697025107,550.3253149686747,544.2810602348387,538.2368055010029,532.1925507671668,526.1482960333309,519.0611206902366,511.5868415667874,504.11256244333816,496.638283319889,489.35125626615053,482.08873143899933,474.82620661184814,467.56368178469694,460.3011569575458,453.0386321303945,445.7340638970727,438.5187572195072,432.4777439674849,426.4367307154628,421.44385837690055
/Users/jonathanharrison/Documents/DPhil/minimal_branch/rstan_analysis/data/Example14/20170717_oocyte_stg7_phalloidin-488_grk-546_Z_06.tif.ome.tif,1,51,494.5663772532841,486.70938434367355,478.852391434063,470.99539852445247,463.13840561484193,455.28141270523133,447.42441979562074,439.56742688601025,431.71043397639966,423.8534410667891,415.9964481571786,408.13945524756804,402.43168228748044,398.82684228973625,395.2220022919921,391.6171622942479,388.0123222965038,384.4074822987597,380.21194972142274,374.16775625315194,368.123562784881,362.07936931661015,356.0351758483392,349.9909823800684,345.31602129315735,340.71286045667114,336.10969962018487,331.5065387836986,326.9033779472124,322.3002171107262,318.8039766772261,316.89882523591444,314.9936737946028,313.08852235329124,311.1833709119796,309.2782194706679,307.3730680293563,305.4679165880447,303.5627651467331,306.4541692262958,313.73889925664344,321.0236292869911,328.3083593173387,335.5930893476864,343.3513032491446,351.4064476350711,359.4615920209976,367.51673640692417,375.57188079285055,383.6270251787771,391.56702001931086,399.24823767735876,406.9294553354066,414.61067299345433,422.29189065150234,429.9731083095501,437.5765550047816,445.1731514993418,452.76974799390194,460.3663444884622,467.96294098302224,475.5595374775824,483.15613397214264,490.78167725772295,498.4983774151381,506.2150775725535,513.9317777299688,521.648477887384,529.3651780447994,537.0818782022147,544.79857835963,552.5152785170453,560.2319786744606,567.9486788318759,575.6653789892912,583.3820791467066,586.8985440121945,581.4220619209118,575.9455798296289,570.4690977383461,564.9926156470633,559.5161335557805,554.0396514644978,548.5631693732149,543.0866872819322,539.7097369231401,537.1120756716946,534.514414420249,531.9167531688034,529.3190919173579,526.7214306659124,524.1237694144668,521.5261081630213,518.9284469115757,516.3307856601301,513.7331244086846,510.7432836302259,505.35098150457856,499.95867937893144,494.56637725328414
/Users/jonathanharrison/Documents/DPhil/minimal_branch/rstan_analysis/data/Example14/20170717_oocyte_stg7_phalloidin-488_grk-546_Z_06.tif.ome.tif,1,51,418.30800231269376,420.1085631878129,421.909124062932,423.7096849380511,425.51024581317023,427.31080668828923,429.1113675634083,430.91192843852735,432.7124893136465,434.5130501887655,436.3136110638846,438.1141719390037,442.6487329697618,449.8584129652501,457.0680929607384,464.27777295622667,471.48745295171494,478.6971329472033,485.4523995614057,490.7855114451741,496.11862332894253,501.45173521271096,506.7848470964794,512.1179589802477,518.671030067451,525.2880737699,531.905117472349,538.5221611747979,545.1392048772469,551.7562485796959,558.8718747197325,566.7041639784582,574.5364532371839,582.3687424959095,590.201031754635,598.0333210133607,605.8656102720861,613.6978995308118,621.5301887895374,627.0755366514977,630.5261982448203,633.9768598381428,637.4275214314654,640.8781830247879,642.024771297295,641.7264326163347,641.4280939353746,641.1297552544142,640.8314165734541,640.5330778924938,639.5739823101796,637.1299585098918,634.6859347096038,632.241910909316,629.7978871090279,627.3538633087401,624.6786595412942,621.9830930432244,619.2875265451547,616.591960047085,613.8963935490152,611.2008270509455,608.5052605528757,605.8979047552783,603.568334896436,601.2387650375937,598.9091951787514,596.5796253199089,594.2500554610666,591.9204856022243,589.5909157433819,587.2613458845395,584.9317760256972,582.6022061668548,580.2726363080125,577.9430664491701,574.4721515680369,568.5575509094516,562.6429502508661,556.7283495922808,550.8137489336953,544.8991482751098,538.9845476165244,533.069946957939,527.1553462993536,519.9892409096582,512.3586109835369,504.72798105741543,497.09735113129415,489.46672120517275,481.83609127905146,474.2054613529301,466.57483142680877,458.94420150068737,451.31357157456597,443.68294164844474,436.2823427315181,430.2908959252433,424.2994491189686,418.3080023126938
/Users/jonathanharrison/Documents/DPhil/minimal_branch/rstan_analysis/data/Example14/20170717_oocyte_stg7_phalloidin-488_grk-546_Z_06.tif.ome.tif,1,52,494.5663772532841,486.7093843436736,478.852391434063,470.99539852445247,463.13840561484193,455.28141270523133,447.4244197956208,439.56742688601025,431.71043397639966,423.8534410667891,415.9964481571786,408.13945524756804,402.43168228748044,398.82684228973625,395.2220022919921,391.6171622942479,388.0123222965038,384.40748229875965,380.21194972142274,374.1677562531519,368.123562784881,362.07936931661015,356.03517584833924,349.9909823800684,345.31602129315735,340.71286045667114,336.10969962018487,331.5065387836986,326.9033779472124,322.3002171107262,318.8039766772261,316.89882523591444,314.9936737946028,313.08852235329124,311.1833709119796,309.2782194706679,307.3730680293563,305.4679165880447,303.5627651467331,306.4541692262958,313.73889925664344,321.0236292869911,328.3083593173387,335.5930893476864,343.3513032491446,351.4064476350711,359.4615920209976,367.51673640692417,375.57188079285055,383.6270251787771,391.56702001931086,399.24823767735876,406.9294553354066,414.6106729934544,422.29189065150234,429.9731083095502,437.5765550047816,445.17315149934177,452.76974799390194,460.3663444884622,467.96294098302224,475.55953747758247,483.15613397214264,490.78167725772295,498.4983774151382,506.2150775725535,513.9317777299688,521.648477887384,529.3651780447994,537.0818782022147,544.79857835963,552.5152785170453,560.2319786744606,567.9486788318759,575.6653789892912,583.3820791467066,586.8985440121945,581.4220619209118,575.9455798296289,570.4690977383461,564.9926156470633,559.5161335557805,554.0396514644978,548.5631693732149,543.0866872819322,539.7097369231401,537.1120756716946,534.514414420249,531.9167531688034,529.3190919173579,526.7214306659124,524.1237694144668,521.5261081630213,518.9284469115757,516.3307856601301,513.7331244086846,510.7432836302259,505.35098150457856,499.9586793789314,494.56637725328414
/Users/jonathanharrison/Documents/DPhil/minimal_branch/rstan_analysis/data/Example14/20170717_oocyte_stg7_phalloidin-488_grk-546_Z_06.tif.ome.tif,1,52,418.30800231269376,420.1085631878129,421.909124062932,423.70968493805105,425.5102458131702,427.31080668828923,429.1113675634083,430.91192843852735,432.7124893136465,434.51305018876553,436.31361106388465,438.1141719390037,442.6487329697618,449.8584129652501,457.0680929607384,464.27777295622667,471.487452951715,478.6971329472033,485.45239956140574,490.7855114451741,496.11862332894253,501.45173521271096,506.78484709647944,512.1179589802477,518.671030067451,525.2880737699,531.905117472349,538.5221611747979,545.1392048772469,551.7562485796959,558.8718747197325,566.7041639784582,574.5364532371839,582.3687424959095,590.201031754635,598.0333210133607,605.8656102720861,613.6978995308118,621.5301887895374,627.0755366514977,630.5261982448203,633.9768598381428,637.4275214314654,640.8781830247879,642.024771297295,641.7264326163347,641.4280939353746,641.1297552544142,640.8314165734541,640.5330778924938,639.5739823101796,637.1299585098918,634.6859347096038,632.241910909316,629.7978871090279,627.3538633087401,624.6786595412942,621.9830930432244,619.2875265451547,616.591960047085,613.8963935490152,611.2008270509455,608.5052605528757,605.8979047552783,603.568334896436,601.2387650375937,598.9091951787514,596.5796253199089,594.2500554610666,591.9204856022243,589.5909157433819,587.2613458845395,584.9317760256972,582.6022061668548,580.2726363080125,577.9430664491701,574.4721515680369,568.5575509094516,562.6429502508661,556.7283495922808,550.8137489336953,544.8991482751098,538.9845476165244,533.069946957939,527.1553462993536,519.9892409096582,512.3586109835369,504.72798105741543,497.09735113129415,489.46672120517275,481.83609127905146,474.2054613529301,466.57483142680877,458.9442015006874,451.313571574566,443.68294164844474,436.2823427315181,430.29089592524326,424.2994491189686,418.3080023126938
/Users/jonathanharrison/Documents/DPhil/minimal_branch/rstan_analysis/data/Example14/20170717_oocyte_stg7_phalloidin-488_grk-546_Z_06.tif.ome.tif,1,53,494.19007452557923,492.7230753357902,484.9704818183128,477.2178883008352,469.46529478335776,461.71270126588036,453.9601077484028,446.2075142309253,438.4549207134478,430.7023271959703,423.19510390460925,415.9245166459317,408.65392938725415,403.10271808819505,399.2338531590106,395.3649882298262,391.4961233006417,387.62725837145734,383.7583934422729,379.41697444941434,373.59662674380854,367.77627903820274,361.9282885275828,356.0664316961428,350.20457486470275,345.43810393835065,340.72907321233833,336.020042486326,331.3110117603137,326.6019810343014,322.03427473515364,318.8136105479676,316.8658175545322,314.91802456109684,312.97023156766164,311.02243857422627,309.0746455807909,307.1268525873556,305.1790595939203,303.8523841440981,307.5038898182614,314.67005625305273,321.83622268784404,329.0023891226353,336.1710602661035,343.95657721882515,351.9796385591214,360.0026998994177,368.0257612397139,376.0488225800101,384.0718839203064,391.95632350844977,399.5423792105172,407.12843491258457,414.71449061465194,422.30054631671936,429.88660201878673,437.41044095060096,444.9287997218782,452.4471584931554,460.0172879714968,467.60753335516654,475.1977787388364,482.78802412250616,490.4014269389921,498.08775525294584,505.77408356689983,513.4604118808536,521.1467401948075,528.8330685087615,536.5193968227154,544.2057251366693,551.8920534506232,558.8418067730611,565.5919996365895,572.3421925001181,579.0923853636466,582.4823899936333,578.6780370582035,573.8010213803378,568.8251063060459,563.8491912317537,558.8732761574616,553.8973610831697,548.9214460088775,543.9455309345856,540.649241246286,537.9763828438638,535.2811061223567,532.5554544571039,529.8298027918511,527.1041511265984,524.3784994613455,521.6528477960927,518.92719613084,516.2015444655872,513.0241478881422,509.4653833859611,503.98464980602904,498.50391622609715
/Users/jonathanharrison/Documents/DPhil/minimal_branch/rstan_analysis/data/Example14/20170717_oocyte_stg7_phalloidin-488_grk-546_Z_06.tif.ome.tif,1,53,415.67388321876024,416.26861262002603,418.30379072138714,420.3389688227483,422.3741469241093,424.4093250254705,426.4445031268316,428.4796812281926,430.51485932955364,432.5500374309148,434.9132820842594,437.59291543947,440.2725487946806,445.1393822744023,452.14631092590827,459.1532395774142,466.16016822892016,473.16709688042613,480.17402553193205,486.81742347840935,492.32309764053934,497.82877180266934,503.3116969412564,508.7832106019333,514.2547242626101,520.702205286035,527.2008644016563,533.6995235172776,540.1981826328989,546.6968417485202,553.2705656153241,560.4882851527431,568.2793351851133,576.0703852174835,583.8614352498537,591.6524852822238,599.443535314594,607.2345853469641,615.0256353793344,622.5770145745034,627.8585870180799,631.4644104467463,635.0702338754127,638.676057304079,642.2742539292684,643.3043063923853,643.178417292728,643.0525281930711,642.9266390934139,642.8007499937569,642.6748608940995,641.761378152392,639.1511220323302,636.5408659122684,633.9306097922068,631.320353672145,628.7100975520832,625.9148974582952,623.1034071800079,620.2919169017207,617.6169052232372,614.9949233515439,612.3729414798507,609.7509596081575,607.1995462968422,604.8703617365309,602.5411771762195,600.2119926159082,597.8828080555969,595.5536234952856,593.2244389349743,590.895254374663,588.5660698143516,585.4432937719859,582.1055097777214,578.7677257834571,575.4299417891928,571.1790817770957,564.973273143037,558.7739916267781,552.5753119101208,546.3766321934634,540.177952476806,533.9792727601487,527.7805930434913,521.581913326834,514.3820298252886,506.8105266946024,499.2485888955742,491.69961131938527,484.15063374319624,476.60165616700743,469.0526785908184,461.5037010146295,453.95472343844057,446.4057458622516,439.18278735574995,432.1926573327456,426.3298489982628,420.46704066378004
/Users/jonathanharrison/Documents/DPhil/minimal_branch/rstan_analysis/data/Example14/20170717_oocyte_stg7_phalloidin-488_grk-546_Z_06.tif.ome.tif,1,54,493.8137717978745,490.8797734182963,483.23157929295195,475.5833851676075,467.93519104226306,460.2869969169186,452.6388027915742,444.9906086662298,437.34241454088544,429.694220415541,422.53676674242934,415.8525851346849,409.1684035269403,403.7737538889096,399.6408640282849,395.5079741676603,391.37508430703554,387.2421944464109,383.1093045857862,378.6219991774059,373.0254972344652,367.42899529152453,361.7772077385556,356.09768754394634,350.4181673493372,345.56018658354395,340.74528596800553,335.93038535246717,331.11548473692875,326.3005841213904,321.7683323595811,318.82324441870907,316.83280987315004,314.84237532759096,312.851940782032,310.8615062364729,308.8710716909139,306.88063714535485,304.8902025997958,304.1420031414631,308.553610410227,315.601213249462,322.6488160886969,329.69641892793186,336.7490311845207,344.56185118850567,352.5528294831717,360.54380777783774,368.5347860725037,376.52576436716964,384.5167426618357,392.3456269975886,399.8365207436756,407.3274144897624,414.8183082358493,422.3092019819363,429.8000957280233,437.2443268964204,444.68444794441456,452.12456899240897,459.66823145453145,467.2521257273109,474.83602000009023,482.4199142728697,490.0211766202612,497.6771330907536,505.3330895612461,512.9890460317386,520.645002502231,528.3009589727236,535.9569154432161,543.6128719137085,551.268828384201,557.4516348716618,563.2353204413033,569.0190060109451,574.8026915805868,578.066235975072,575.934012195495,571.6564629310467,567.1811148737455,562.7057668164441,558.2304187591428,553.7550707018415,549.2797226445402,544.8043745872388,541.5887455694319,538.8406900160329,536.0477978244644,533.1941557454044,530.3405136663443,527.4868715872843,524.6332295082243,521.7795874291643,518.9259453501043,516.0723032710442,512.3151713675999,508.18748314169625,502.61831810747947,497.0491530732628
/Users/jonathanharrison/Documents/DPhil/minimal_branch/rstan_analysis/data/Example14/20170717_oocyte_stg7_phalloidin-488_grk-546_Z_06.tif.ome.tif,1,54,413.0397641248266,414.2292229273582,416.49901825496136,418.7688135825645,421.0386089101677,423.3084042377708,425.5781995653739,427.84799489297694,430.11779022058,432.38758554818315,435.3135139797532,438.87221981505525,442.4309256503573,447.63003157904285,454.43420888656635,461.23838619408997,468.0425635016136,474.8467408091372,481.6509181166608,488.18244739541285,493.8606838359045,499.5389202763962,505.1716586698018,510.78157410738714,516.3914895449725,522.7333805046188,529.1136550334126,535.4939295622062,541.8742040909999,548.2544786197936,554.7848826509522,562.1046955857535,569.8545063917684,577.6043171977832,585.3541280037979,593.1039388098127,600.8537496158274,608.6035604218421,616.3533712278569,623.6238403594693,628.6416373846622,632.4026226486724,636.1636079126826,639.9245931766927,643.670324833749,644.5838414874754,644.6304019691214,644.6769624507675,644.7235229324135,644.7700834140595,644.8166438957054,643.9487739946043,641.1722855547688,638.3957971149332,635.6193086750976,632.8428202352619,630.0663317954264,627.1511353752961,624.2237213167913,621.2963072582868,618.6418503993895,616.0934531540727,613.545055908756,610.9966586634392,608.5011878384059,606.1723885766257,603.8435893148455,601.5147900530652,599.1859907912849,596.8571915295046,594.5283922677243,592.199593005944,589.8707937441638,585.9548115182745,581.608813388588,577.2628152589017,572.9168171292154,567.8860119861545,561.3889953766225,554.9050330026903,548.422274227961,541.9395154532316,535.4567566785022,528.9739979037729,522.4912391290436,516.0084803543142,508.7748187409188,501.2624424056679,493.7691967337329,486.30187150747645,478.8345462812198,471.36722105496335,463.89989582870675,456.4325706024503,448.9652453761937,441.4979201499371,434.68263306305505,428.1029719339731,422.36880207128235,416.6346322085915
/Users/jonathanharrison/Documents/DPhil/minimal_branch/rstan_analysis/data/Example14/20170717_oocyte_stg7_phalloidin-488_grk-546_Z_06.tif.ome.tif,1,55,493.4374690701696,489.0364715008025,481.4926767675912,473.9488820343798,466.40508730116835,458.86129256795704,451.3174978347457,443.77370310153435,436.229908368323,428.6861136351116,421.8784295802495,415.78065362343807,409.6828776666265,404.4447896896242,400.04787489755927,395.65096010549433,391.2540453134294,386.8571305213644,382.46021572929953,377.82702390539754,372.45436772512187,367.08171154484626,361.6261269495283,356.1289433917499,350.6317598339716,345.6822692287372,340.7614987236728,335.84072821860826,330.91995771354385,325.9991872084794,321.5023899840086,318.8328782894505,316.79980219176775,314.7667260940851,312.73364999640233,310.7005738987196,308.6674978010368,306.6344217033541,304.6013456056714,304.431622138828,309.60333100219265,316.5323702458712,323.4614094895498,330.3904487332285,337.3270021029378,345.1671251581862,353.126020407222,361.08491565625775,369.0438109052935,377.0027061543292,384.96160140336497,392.73493048672754,400.13066227683396,407.5263940669403,414.9221258570469,422.31785764715335,429.7135894372598,437.0782128422396,444.4400961669509,451.8019794916624,459.3191749375661,466.89671809945514,474.47426126134417,482.05180442323325,489.64092630153027,497.2665109285614,504.89209555559245,512.5176801826235,520.1432648096546,527.7688494366856,535.3944340637167,543.0200186907479,550.6456033177789,556.0614629702623,560.8786412460171,565.695819521772,570.5129977975269,573.650081956511,573.1899873327866,569.5119044817559,565.5371234414451,561.5623424011346,557.5875613608239,553.6127803205134,549.6379992802027,545.6632182398921,542.5282498925778,539.7049971882021,536.8144895265721,533.8328570337048,530.8512245408376,527.8695920479704,524.8879595551031,521.9063270622357,518.9246945693685,515.9430620765012,511.6061948470574,506.9095828974314,501.25198640892995,495.5943899204285
/Users/jonathanharrison/Documents/DPhil/minimal_branch/rstan_analysis/data/Example14/20170717_oocyte_stg7_phalloidin-488_grk-546_Z_06.tif.ome.tif,1,55,410.4056450308931,412.1898332346906,414.6942457885357,417.1986583423808,419.70307089622594,422.20748345007104,424.7118960039162,427.2163085577613,429.72072111160634,432.22513366545155,435.71374587524696,440.1515241906406,444.5893025060342,450.1206808836834,456.7221068472246,463.32353281076587,469.92495877430713,476.5263847378483,483.12781070138954,489.54747131241646,495.39827003126976,501.249068750123,507.0316203983472,512.7799376128411,518.5282548273349,524.7645557232026,531.0264456651688,537.2883356071349,543.5502255491009,549.8121154910671,556.2991996865803,563.721106018764,571.4296775984234,579.1382491780827,586.8468207577421,594.5553923374015,602.2639639170608,609.9725354967201,617.6811070763794,624.6706661444354,629.4246877512445,633.3408348505984,637.2569819499524,641.1731290493065,645.0663957382296,645.8633765825656,646.0823866455148,646.301396708464,646.520406771413,646.7394168343623,646.9584268973113,646.1361698368166,643.1934490772072,640.2507283175978,637.3080075579885,634.365286798379,631.4225660387696,628.3873732922971,625.3440354535749,622.3006976148529,619.6667955755416,617.1919829566015,614.7171703376613,612.242357718721,609.8028293799698,607.4744154167206,605.1460014534714,602.8175874902222,600.4891735269729,598.1607595637237,595.8323456004744,593.5039316372252,591.175517673976,586.466329264563,581.1121169994547,575.7579047343463,570.403692469238,564.5929421952134,557.8047176102078,551.0360743786023,544.2692365458009,537.5023987129997,530.7355608801984,523.9687230473971,517.2018852145959,510.43504738179445,503.1676076565492,495.71435811673354,488.28980457189164,480.9041316955675,473.5184588192434,466.1327859429193,458.7471130665951,451.3614401902711,443.97576731394673,436.5900944376227,430.18247877036026,424.0132865352007,418.4077551443017,412.8022237534029
/Users/jonathanharrison/Documents/DPhil/minimal_branch/rstan_analysis/data/Example14/20170717_oocyte_stg7_phalloidin-488_grk-546_Z_06.tif.ome.tif,1,56,493.06116634246484,487.19316958330853,479.75377424223035,472.31437890115194,464.8749835600737,457.4355882189954,449.9961928779172,442.5567975368388,435.1174021957606,427.6780068546823,421.2200924180696,415.7087221121912,410.19735180631267,405.1158254903388,400.4548857668336,395.79394604332845,391.1330063198232,386.472066596318,381.81112687281285,377.0320486333891,371.88323821577853,366.734427798168,361.475046160501,356.16019923955344,350.845352318606,345.8043518739305,340.77771147934,335.7510710847494,330.7244306901589,325.6977902955684,321.2364476084361,318.842512160192,316.7667945103856,314.6910768605791,312.6153592107727,310.5396415609663,308.46392391115984,306.3882062613534,304.312488611547,304.72124113619304,310.6530515941582,317.4635272422805,324.27400289040276,331.08447853852505,337.9049730213549,345.7723991278667,353.6992113312723,361.62602353467776,369.5528357380832,377.47964794148874,385.40646014489425,393.1242339758664,400.42480380999234,407.7253736441183,415.02594347824436,422.3265133123703,429.6270831464964,436.91209878805904,444.1957443894874,451.47938999091593,458.97011842060084,466.54131047159945,474.11250252259805,481.68369457359677,489.2606759827994,496.85588876636905,504.4511015499387,512.0463143335085,519.6415271170781,527.2367399006478,534.8319526842174,542.4271654677871,550.0223782513567,554.6712910688627,558.5219620507307,562.372633032599,566.223304014467,569.2339279379497,570.4459624700783,567.3673460324648,563.8931320091449,560.418917985825,556.9447039625051,553.4704899391852,549.9962759158653,546.5220618925454,543.4677542157237,540.5693043603712,537.58118122868,534.4715583220053,531.3619354153309,528.2523125086564,525.1426896019818,522.0330666953072,518.9234437886328,515.8138208819582,510.89721832651503,505.63168265316654,499.8856547103804,494.1396267675942
/Users/jonathanharrison/Documents/DPhil/minimal_branch/rstan_analysis/data/Example14/20170717_oocyte_stg7_phalloidin-488_grk-546_Z_06.tif.ome.tif,1,56,407.7715259369595,410.15044354202274,412.8894733221099,415.6285031021971,418.3675328822842,421.1065626623714,423.8455924424585,426.5846222225456,429.3236520026327,432.06268178271984,436.1139777707409,441.43082856622596,446.747679361711,452.6113301883239,459.0100048078827,465.4086794274416,471.80735404700056,478.20602866655935,484.60470328611825,490.9124952294201,496.93585622663494,502.9592172238498,508.8915821268926,514.778301118295,520.6650201096973,526.7957309417865,532.9392362969251,539.0827416520634,545.2262470072019,551.3697523623403,557.8135167222084,565.3375164517745,573.0048488050785,580.6721811583824,588.3395135116863,596.0068458649903,603.6741782182942,611.3415105715981,619.008842924902,625.7174919294014,630.2077381178267,634.2790470525246,638.3503559872222,642.42166492192,646.4624666427102,647.1429116776559,647.5343713219081,647.9258309661606,648.3172906104127,648.7087502546649,649.1002098989171,648.323565679029,645.2146125996458,642.1056595202624,638.9967064408793,635.8877533614962,632.7788002821128,629.623611209298,626.4643495903584,623.3050879714189,620.6917407516939,618.2905127591301,615.8892847665666,613.4880567740028,611.1044709215337,608.7764422568155,606.4484135920973,604.1203849273791,601.7923562626609,599.4643275979427,597.1362989332245,594.8082702685062,592.480241603788,586.9778470108515,580.6154206103213,574.2529942097908,567.8905678092606,561.2998724042722,554.2204398437932,547.1671157545145,540.1161988636411,533.0652819727678,526.0143650818945,518.9634481910214,511.9125313001481,504.8616144092748,497.5603965721795,490.16627382779905,482.81041241005033,475.5063918836586,468.20237135726694,460.8983508308752,453.59433030448344,446.2903097780918,438.9862892517,431.68226872530823,425.6823244776655,419.92360113642815,414.44670821732126,408.9698152982144
/Users/jonathanharrison/Documents/DPhil/minimal_branch/rstan_analysis/data/Example14/20170717_oocyte_stg7_phalloidin-488_grk-546_Z_06.tif.ome.tif,1,57,492.6848636147599,485.3498676658147,478.0148717168695,470.6798757679242,463.344879818979,456.00988387003383,448.6748879210886,441.33989197214333,434.0048960231981,426.66990007425295,420.5617552558898,415.6367906009444,410.71182594599884,405.7868612910534,400.86189663610793,395.9369319811625,391.011967326217,386.08700267127153,381.1620380163261,376.2370733613807,371.3121087064352,366.3871440514897,361.3239653714737,356.19145508735704,351.0589448032404,345.9264345191238,340.79392423500724,335.66141395089056,330.528903666774,325.3963933826574,320.97050523286356,318.85214603093345,316.73378682900335,314.6154276270732,312.4970684251431,310.3787092232129,308.2603500212828,306.14199081935266,304.02363161742255,305.01086013355797,311.70277218612387,318.3946842386898,325.08659629125566,331.7785083438216,338.48294393977204,346.37767309754724,354.27240225532256,362.1671314130978,370.061860570873,377.9565897286483,385.85131888642354,393.5135374650053,400.7189453431508,407.9243532212962,415.12976109944185,422.3351689775873,429.54057685573287,436.74598473387834,443.9513926120238,451.15680049016936,458.62106190363545,466.18590284374375,473.750743783852,481.3155847239603,488.8804256640686,496.44526660417677,504.010107544285,511.57494848439336,519.1397894245016,526.7046303646098,534.2694713047181,541.8343122448264,549.3991531849346,553.2811191674633,556.1652828554445,559.0494465434259,561.9336102314071,564.8177739193885,567.7019376073698,565.2227875831737,562.2491405768445,559.2754935705154,556.3018465641862,553.3281995578571,550.354552551528,547.3809055451987,544.4072585388697,541.4336115325405,538.3478729307876,535.1102596103058,531.872646289824,528.6350329693423,525.3974196488606,522.1598063283787,518.922193007897,515.6845796874153,510.18824180597255,504.3537824089017,498.5193230118308,492.6848636147599
/Users/jonathanharrison/Documents/DPhil/minimal_branch/rstan_analysis/data/Example14/20170717_oocyte_stg7_phalloidin-488_grk-546_Z_06.tif.ome.tif,1,57,405.13740684302593,408.111053849355,411.08470085568416,414.0583478620134,417.03199486834257,420.0056418746716,422.9792888810008,425.95293588732983,428.926582893659,431.9002298999882,436.5142096662347,442.7101329418112,448.9060562173878,455.10197949296446,461.2979027685409,467.4938260441175,473.689749319694,479.8856725952704,486.081595870847,492.2775191464236,498.4734424220002,504.6693656975766,510.751543855438,516.7766646237488,522.8017853920596,528.8269061603704,534.8520269286813,540.877147696992,546.9022684653029,552.9273892336137,559.3278337578365,566.953926884785,574.5800200117335,582.206113138682,589.8322062656305,597.4582993925791,605.0843925195275,612.7104856464761,620.3365787734244,626.7643177143673,630.990788484409,635.2172592544506,639.4437300244921,643.6702007945337,647.8585375471907,648.4224467727461,648.9863559983015,649.550265223857,650.1141744494123,650.6780836749676,651.241992900523,650.5109615212413,647.2357761220842,643.9605907229271,640.68540532377,637.4102199246131,634.1350345254559,630.859849126299,627.5846637271419,624.3094783279848,621.7166859278461,619.3890425616589,617.0613991954718,614.7337558292845,612.4061124630974,610.0784690969103,607.7508257307231,605.423182364536,603.0955389983488,600.7678956321616,598.4402522659744,596.1126088997873,593.7849655336001,587.4893647571402,580.1187242211878,572.7480836852354,565.3774431492832,558.0068026133309,550.6361620773787,543.2981571304265,535.9631611814812,528.628165232536,521.2931692835907,513.9581733346456,506.6231773857004,499.28818143675505,491.9531854878098,484.6181895388646,477.3310202482091,470.10865207174976,462.8862838952904,455.66391571883116,448.4415475423718,441.2191793659125,433.99681118945307,426.77444301299386,421.1821701849707,415.83391573765573,410.4856612903408,405.1374068430259
/Users/jonathanharrison/Documents/DPhil/minimal_branch/rstan_analysis/data/Example14/20170717_oocyte_stg7_phalloidin-488_grk-546_Z_06.tif.ome.tif,1,58,492.68486361475993,485.3498676658147,478.0148717168695,470.6798757679242,463.344879818979,456.0098838700338,448.6748879210886,441.33989197214333,434.0048960231981,426.6699000742529,420.56175525588975,415.6367906009443,410.71182594599884,405.7868612910534,400.86189663610793,395.9369319811625,391.011967326217,386.08700267127153,381.1620380163261,376.2370733613807,371.3121087064352,366.3871440514897,361.3239653714737,356.19145508735704,351.0589448032404,345.9264345191238,340.79392423500724,335.66141395089056,330.528903666774,325.3963933826574,320.97050523286356,318.85214603093345,316.73378682900335,314.6154276270732,312.4970684251431,310.3787092232129,308.2603500212828,306.14199081935266,304.02363161742255,305.01086013355797,311.70277218612387,318.3946842386898,325.08659629125566,331.7785083438216,338.48294393977204,346.37767309754724,354.27240225532256,362.1671314130978,370.061860570873,377.9565897286483,385.85131888642354,393.5135374650053,400.7189453431508,407.9243532212962,415.12976109944185,422.3351689775873,429.5405768557329,436.74598473387834,443.9513926120238,451.1568004901694,458.62106190363545,466.18590284374375,473.750743783852,481.3155847239603,488.8804256640685,496.44526660417677,504.010107544285,511.57494848439336,519.1397894245016,526.7046303646098,534.2694713047181,541.8343122448264,549.3991531849346,553.2811191674633,556.1652828554445,559.0494465434259,561.9336102314071,564.8177739193885,567.7019376073698,565.2227875831737,562.2491405768445,559.2754935705154,556.3018465641862,553.3281995578571,550.354552551528,547.3809055451987,544.4072585388697,541.4336115325405,538.3478729307876,535.1102596103058,531.872646289824,528.6350329693423,525.3974196488606,522.1598063283787,518.922193007897,515.6845796874153,510.1882418059726,504.3537824089017,498.5193230118308,492.68486361475993
/Users/jonathanharrison/Documents/DPhil/minimal_branch/rstan_analysis/data/Example14/20170717_oocyte_stg7_phalloidin-488_grk-546_Z_06.tif.ome.tif,1,58,405.13740684302593,408.111053849355,411.08470085568416,414.05834786201336,417.0319948683425,420.00564187467165,422.97928888100074,425.9529358873299,428.92658289365903,431.9002298999882,436.5142096662347,442.71013294181125,448.9060562173878,455.1019794929644,461.2979027685409,467.49382604411744,473.689749319694,479.8856725952705,486.081595870847,492.27751914642363,498.4734424220001,504.66936569757667,510.751543855438,516.7766646237488,522.8017853920596,528.8269061603704,534.8520269286813,540.877147696992,546.9022684653029,552.9273892336137,559.3278337578365,566.953926884785,574.5800200117335,582.206113138682,589.8322062656305,597.4582993925791,605.0843925195275,612.7104856464761,620.3365787734244,626.7643177143673,630.990788484409,635.2172592544506,639.4437300244921,643.6702007945337,647.8585375471907,648.4224467727461,648.9863559983015,649.550265223857,650.1141744494123,650.6780836749676,651.241992900523,650.5109615212413,647.2357761220842,643.9605907229271,640.68540532377,637.4102199246131,634.1350345254559,630.859849126299,627.5846637271419,624.3094783279848,621.7166859278461,619.3890425616589,617.0613991954718,614.7337558292845,612.4061124630974,610.0784690969103,607.7508257307231,605.423182364536,603.0955389983488,600.7678956321616,598.4402522659744,596.1126088997873,593.7849655336001,587.4893647571402,580.1187242211878,572.7480836852354,565.3774431492832,558.0068026133309,550.6361620773787,543.2981571304265,535.9631611814812,528.628165232536,521.2931692835907,513.9581733346456,506.6231773857004,499.28818143675505,491.95318548780983,484.6181895388646,477.3310202482091,470.1086520717497,462.88628389529043,455.66391571883116,448.4415475423718,441.21917936591257,433.99681118945307,426.7744430129938,421.1821701849707,415.83391573765573,410.4856612903408,405.1374068430259
/Users/jonathanharrison/Documents/DPhil/minimal_branch/rstan_analysis/data/Example14/20170717_oocyte_stg7_phalloidin-488_grk-546_Z_06.tif.ome.tif,1,59,460.93421656862967,454.1207638153609,447.30731106209225,440.49385830882346,433.6804055555546,426.86695280228594,421.0349809534829,416.1495532354139,411.264125517345,406.37869779927604,401.49327008120713,396.6078423631382,391.72241464506925,386.8132398766511,381.8377313781222,376.8622228795934,371.8867143810645,366.9112058825356,361.82512616395036,356.68358116208447,351.5420361602187,346.4004911583529,341.5676678896179,336.766999029321,331.9663301690242,327.1656613087274,322.9302901558888,320.54094216134115,318.15159416679353,315.76224617224585,313.37289817769823,310.98355018315056,308.59420218860294,306.2048541940552,303.81550619950764,305.7984902940528,312.5440946762309,319.28969905840916,326.0353034405872,332.79021684743657,339.784691784478,347.7314015709793,355.6781113574807,363.6248211439821,371.5715309304834,379.51824071698474,387.4649505034861,395.2256518266326,402.6209045894301,409.9272103731084,417.2126245221865,424.49803867126445,431.7834528203425,439.06886696942047,446.3542811184984,453.6396952675765,461.1321922449109,468.7051528435592,476.27811344220726,483.85107404085556,491.4240346395037,498.27337078846887,504.7940332385774,511.31469568868613,517.8353581387947,524.3560205889032,530.8766830390119,537.3973454891205,543.918007939229,547.492370423274,550.268491071681,553.0446117200881,555.8207323684951,558.8235674792575,561.9501004122769,560.7859823755543,559.2262667531254,557.6665511306965,556.1068355082674,554.5471198858385,552.9874042634095,550.8204779218298,547.6571126631409,544.493747404452,541.2407088694242,537.8661705594131,534.4916322494021,531.1170939393912,527.7425556293801,524.1825078731674,519.9785950322714,515.7746821913754,509.7637897017106,503.4823999995432,497.2010102973759,490.9196205952086,489.29206599141514,481.7954484368721,474.298830882329,466.8022133277858
/Users/jonathanharrison/Documents/DPhil/minimal_branch/rstan_analysis/data/Example14/20170717_oocyte_stg7_phalloidin-488_grk-546_Z_06.tif.ome.tif,1,59,412.39526089705043,416.1037259938345,419.81219109061857,423.5206561874027,427.2291212841868,430.93758638097086,435.95831768568894,442.244603797871,448.53088991005296,454.81717602223506,461.1034621344171,467.3897482465991,473.6760343587812,479.94415866197187,486.16155074713004,492.3789428322883,498.5963349174464,504.81372700260465,510.94012299359065,517.0208730729363,523.101623152282,529.1823732316274,535.4582958174212,541.7545462772025,548.0507967369837,554.3470471967648,560.9435566612756,568.520585007967,576.0976133546583,583.6746417013496,591.251670048041,598.8286983947323,606.4057267414236,613.982755088115,621.5597834348061,627.6122937752001,631.8441827324212,636.0760716896423,640.3079606468633,644.5082829743742,647.8997255380069,648.3916260799582,648.8835266219096,649.375427163861,649.8673277058123,650.3592282477636,650.8511287897148,650.3070768477966,647.727701689978,644.6376825297117,641.4277246372295,638.2177667447475,635.0078088522652,631.7978509597831,628.5878930673009,625.3779351748187,622.7138916815511,620.2619674154449,617.8100431493388,615.3581188832322,612.9061946171262,609.7852980348773,606.3605510151876,602.935803995498,599.5110569758082,596.0863099561184,592.6615629364286,589.2368159167389,585.8120688970491,579.2129559491411,571.7538111936393,564.2946664381374,556.8355216826355,549.474580487662,542.1672201999188,534.8859683833756,527.6071237652379,520.3282791471005,513.0494345289628,505.7705899108254,498.4917452926878,491.205473399105,483.90701327157274,476.6085531440405,469.3483543431401,462.1399964335965,454.931638524053,447.7232806145095,440.514922704966,433.5730451081499,427.55606579890673,421.53908648966365,416.82618345916956,412.30849513324193,407.79080680731425,403.2731184813867,403.16699414657126,405.4501105283765,407.73322691018177,410.016343291987
/Users/jonathanharrison/Documents/DPhil/minimal_branch/rstan_analysis/data/Example14/20170717_oocyte_stg7_phalloidin-488_grk-546_Z_06.tif.ome.tif,1,60,458.5235533182803,452.2316437606881,445.9397342030958,439.64782464550353,433.3559150879112,427.064005530319,421.50820665107597,416.6623158698835,411.81642508869106,406.9705343074987,402.12464352630633,397.2787527451139,392.4328619639215,387.53947708203066,382.5134247399184,377.4873723978061,372.4613200556938,367.43526771358154,362.326286956427,357.17570723681195,352.02512751719695,346.874547797582,342.3414115442286,337.8725841077515,333.40375667127444,328.9349292347974,324.89007507891404,322.2297382917489,319.5694015045837,316.9090647174186,314.2487279302534,311.5883911430882,308.928054355923,306.2677175687578,303.6073807815927,306.58612045454754,313.385417166338,320.18471387812843,326.98401058991874,333.80192535105147,341.08643962918404,349.08513004441136,357.0838204596389,365.08251087486633,373.0812012900937,381.07989170532113,389.0785821205486,396.9377661882599,404.5228638357095,411.93006752492056,419.2954879449312,426.6609083649416,434.02632878495217,441.3917492049626,448.757169624973,456.12259004498355,463.64332258618634,471.22440284337443,478.80548310056264,486.3865633577508,493.96764361493877,500.10147497276085,505.5779589328698,511.05444289297884,516.5309268530879,522.0074108131967,527.4838947733057,532.9603787334147,538.4368626935236,541.7036216790849,544.3716992879175,547.0397768967504,549.7078545055831,552.8293610391265,556.1982632171839,556.3491771679351,556.2033929294063,556.0576086908775,555.9118244523486,555.7660402138199,555.6202559752912,554.2600502984608,550.9069667874122,547.5538832763635,544.1335448080606,540.6220815085204,537.1106182089802,533.59915490944,530.0876916098998,526.205209417956,521.0349970566457,515.8647846953354,509.3393375974485,502.61101759018476,495.88269758292097,489.15437757565724,485.89926836807035,478.2410292079294,470.5827900477884,462.92455088764746
/Users/jonathanharrison/Documents/DPhil/minimal_branch/rstan_analysis/data/Example14/20170717_oocyte_stg7_phalloidin-488_grk-546_Z_06.tif.ome.tif,1,60,407.75852692575825,412.20181011299735,416.6450933002364,421.0883764874755,425.5316596747145,429.9749428619536,435.4024257051431,441.77907465393065,448.1557236027182,454.5323725515058,460.90902150029325,467.2856704490808,473.6623193978683,480.0026447286733,486.2415056234131,492.4803665181529,498.7192274128928,504.95808830763264,511.1287021317433,517.2650815221238,523.401460912504,529.5378403028844,536.0645647061613,542.6319448574129,549.1993250086645,555.766705159916,562.5592795647148,570.0872431311489,577.6152066975831,585.1431702640173,592.6711338304515,600.1990973968856,607.7270609633197,615.255024529754,622.782988096188,628.460269836033,632.6975769804336,636.9348841248341,641.1721912692344,645.3463651542148,647.9409135288231,648.3608053871703,648.7806972455177,649.200589103865,649.6204809622122,650.0403728205595,650.4602646789068,650.1031921743518,648.2196272578716,645.3147743364963,642.170043950689,639.0253135648817,635.8805831790744,632.7358527932671,629.5911224074598,626.4463920216525,623.7110974352561,621.1348922692308,618.5586871032056,615.9824819371801,613.4062767711547,609.4921269728444,604.970276299652,600.4484256264598,595.9265749532675,591.4047242800752,586.8828736068829,582.3610229336906,577.8391722604981,570.9365471411422,563.3888981660908,555.8412491910392,548.2936002159879,540.9423583619931,533.6982783224589,526.4737796363248,519.2510863489949,512.028393061665,504.80569977433504,497.58300648700515,490.3603131996753,483.1227653614549,475.86084105533575,468.59891674921647,461.36568843807106,454.1713407954433,446.9769931528156,439.782645510188,432.58829786756024,425.92691085038734,421.1153204083604,416.3037299663335,412.47019673336825,408.783074528828,405.09595232428774,401.40883011974756,401.19658145011664,402.789167207398,404.3817529646794,405.9743387219608
/Users/jonathanharrison/Documents/DPhil/minimal_branch/rstan_analysis/data/Example14/20170717_oocyte_stg7_phalloidin-488_grk-546_Z_06.tif.ome.tif,1,61,456.11289006793095,450.3425237060152,444.57215734409937,438.8017909821836,433.0314246202677,427.261058258352,421.98143234866905,417.1750785043531,412.36872466003734,407.56237081572135,402.75601697140553,397.9496631270896,393.1433092827737,388.2657142874101,383.1891181017145,378.11252191601886,373.03592573032313,367.95932954462745,362.8274477489035,357.66783331153937,352.5082188741752,347.3486044368111,343.11515519883926,338.97816918618196,334.84118317352466,330.7041971608674,326.84986000193925,323.91853442215654,320.9872088423739,318.05588326259124,315.12455768280853,312.1932321030259,309.2619065232431,306.3305809434604,303.39925536367775,307.37375061504235,314.22673965644503,321.0797286978477,327.9327177392503,334.81363385466636,342.38818747388996,350.43885851784347,358.489529561797,366.54020060575056,374.59087164970407,382.6415426936576,390.6922137376111,398.64988054988726,406.42482308198885,413.9329246767328,421.3783513676758,428.8237780586188,436.26920474956177,443.71463144050466,451.16005813144767,458.6054848223906,466.1544529274618,473.7436528431899,481.33285275891797,488.92205267464595,496.511252590374,501.929579157053,506.3618846271623,510.7941900972716,515.2264955673809,519.6588010374901,524.0911065075995,528.5234119777087,532.9557174478181,535.9148729348956,538.4749075041541,541.0349420734126,543.5949766426711,546.8351545989954,550.4464260220909,551.9123719603157,553.180519105687,554.4486662510584,555.7168133964299,556.9849605418012,558.2531076871726,557.6996226750919,554.1568209116836,550.6140191482751,547.0263807466972,543.3779924576278,539.7296041685582,536.0812158794889,532.4328275904194,528.2279109627447,522.0913990810201,515.9548871992954,508.91488549318655,501.7396351808262,494.564384868466,487.38913455610583,482.5064707447256,474.6866099789868,466.86674921324794,459.0468884475091
/Users/jonathanharrison/Documents/DPhil/minimal_branch/rstan_analysis/data/Example14/20170717_oocyte_stg7_phalloidin-488_grk-546_Z_06.tif.ome.tif,1,61,403.1217929544661,408.2998942321602,413.47799550985417,418.6560967875483,423.83419806524233,429.01229934293644,434.8465337245974,441.3135455099904,447.78055729538335,454.24756908077643,460.7145808661694,467.1815926515625,473.64860443695545,480.0611307953747,486.3214604996962,492.5817902040177,498.8421199083391,505.1024496126606,511.317281269896,517.5092899713112,523.7012986727264,529.8933073741415,536.6708335949013,543.5093434376233,550.3478532803452,557.1863631230672,564.1750024681538,571.653901254331,579.132800040508,586.6116988266848,594.0905976128619,601.5694963990388,609.0483951852159,616.5272939713929,624.0061927575698,629.308245896866,633.5509712284459,637.7936965600259,642.0364218916056,646.1844473340553,647.9821015196393,648.3299846943826,648.6778678691257,649.025751043869,649.3736342186123,649.7215173933555,650.0694005680987,649.899307500907,648.7115528257654,645.9918661432808,642.9123632641484,639.832860385016,636.7533575058835,633.6738546267511,630.5943517476187,627.5148488684863,624.7083031889612,622.0078171230168,619.3073310570724,616.6068449911278,613.9063589251834,609.1989559108114,603.5800015841165,597.9610472574217,592.3420929307267,586.7231386040319,581.1041842773369,575.4852299506422,569.8662756239471,562.6601383331432,555.0239851385422,547.3878319439413,539.7516787493403,532.4101362363241,525.229336444999,518.0615908892739,510.8950489327517,503.72850697622954,496.56196501970715,489.3954230631849,482.22888110666264,475.040057323805,467.8146688390987,460.5892803543924,453.3830225330021,446.20268515729003,439.0223477815783,431.8420104058663,424.6616730301545,418.2807765926247,414.674575017814,411.0683734430033,408.1142100075671,405.2576539244142,402.4010978412613,399.54454175810844,399.226168753662,400.1282238864195,401.03027901917693,401.93233415193447
/Users/jonathanharrison/Documents/DPhil/minimal_branch/rstan_analysis/data/Example14/20170717_oocyte_stg7_phalloidin-488_grk-546_Z_06.tif.ome.tif,1,62,453.7022268175816,448.45340365134234,443.204580485103,437.95575731886373,432.7069341526243,427.45811098638507,422.4546580462622,417.68784113882276,412.9210242313834,408.15420732394404,403.38739041650473,398.62057350906525,393.85375660162595,388.99195149278967,383.8648114635106,378.7376714342316,373.61053140495244,368.48339137567336,363.32860854138016,358.1599593862668,352.9913102311535,347.82266107604016,343.88889885344986,340.0837542646124,336.2786096757749,332.4734650869374,328.8096449249645,325.6073305525643,322.40501618016407,319.20270180776384,316.0003874353637,312.7980730629635,309.59575869056323,306.393444318163,303.19112994576284,308.16138077553717,315.06806214655205,321.974743517567,328.8814248885818,335.8253423582813,343.689935318596,351.7925869912756,359.8952386639552,367.99789033663484,376.1005420093144,384.2031936819941,392.30584535467364,400.36199491151456,408.3267823282682,415.935781828545,423.4612147904205,430.9866477522959,438.5120807141714,446.03751367604684,453.5629466379223,461.08837959979775,468.6655832687373,476.26290284300524,483.86022241727323,491.45754199154123,499.0548615658092,503.757683341345,507.1458103214547,510.5339373015643,513.922064281674,517.3101912617836,520.6983182418933,524.0864452220029,527.4745722021127,530.1261241907064,532.5781157203907,535.0301072500748,537.4820987797591,540.8409481588644,544.6945888269981,547.4755667526963,550.1576452819679,552.8397238112395,555.5218023405112,558.2038808697827,560.8859593990543,561.1391950517229,557.4066750359549,553.6741550201866,549.9192166853338,546.133903406735,542.3485901281363,538.5632768495377,534.777963570939,530.2506125075332,523.1478011053944,516.0449897032556,508.49043338892454,500.86825277146784,493.246072154011,485.6238915365544,479.1136731213808,471.13219075004406,463.15070837870735,455.1692260073707
/Users/jonathanharrison/Documents/DPhil/minimal_branch/rstan_analysis/data/Example14/20170717_oocyte_stg7_phalloidin-488_grk-546_Z_06.tif.ome.tif,1,62,398.48505898317404,404.39797835132305,410.310897719472,416.22381708762106,422.1367364557701,428.04965582391907,434.29064174405164,440.84801636605005,447.40539098804857,453.96276561004714,460.52014023204555,467.07751485404407,473.63488947604264,480.11961686207604,486.4014153759792,492.68321388988227,498.96501240378547,505.24681091768855,511.50586040804865,517.7534984204987,524.0011364329487,530.2487744453986,537.2771024836413,544.3867420178337,551.4963815520259,558.6060210862183,565.790725371593,573.2205593775128,580.6503933834326,588.0802273893526,595.5100613952724,602.9398954011922,610.369729407112,617.7995634130318,625.2293974189515,630.1562219576988,634.4043654764582,638.6525089952177,642.9006525139769,647.0225295138958,648.0232895104555,648.2991640015947,648.5750384927338,648.8509129838731,649.1267874750123,649.4026619661514,649.6785364572906,649.6954228274624,649.2034783936591,646.6689579500653,643.6546825776079,640.6404072051503,637.6261318326927,634.6118564602351,631.5975810877777,628.5833057153202,625.7055089426661,622.8807419768027,620.0559750109393,617.2312080450756,614.4064410792121,608.9057848487785,602.1897268685809,595.4736688883835,588.757610908186,582.0415529279887,575.3254949477912,568.6094369675936,561.8933789873961,554.3837295251442,546.6590721109936,538.9344146968432,531.2097572826927,523.8779141106552,516.7603945675392,509.64940214222315,502.5390115165086,495.4286208907941,488.31823026507936,481.20783963936475,474.09744901365013,466.9573492861549,459.76849662286156,452.57964395956833,445.400356627933,438.23402951913687,431.0677024103408,423.9013753015447,416.73504819274865,410.6346423348621,408.23382962726765,405.8330169196732,403.75822328176594,401.73223332000043,399.70624335823476,397.68025339646925,397.25575605720735,397.467280565441,397.6788050736746,397.8903295819082
/Users/jonathanharrison/Documents/DPhil/minimal_branch/rstan_analysis/data/Example14/20170717_oocyte_stg7_phalloidin-488_grk-546_Z_06.tif.ome.tif,1,63,451.29156356723234,446.56428359666944,441.8370036261066,437.1097236555438,432.3824436849808,427.6551637144181,422.92788374385526,418.20060377329236,413.47332380272957,408.7460438321667,404.01876386160393,399.29148389104097,394.5642039204782,389.71818869816923,384.5405048253067,379.3628209524443,374.18513707958175,369.0074532067193,363.82976933385675,358.6520854609942,353.47440158813174,348.29671771526927,344.66264250806057,341.1893393430429,337.7160361780251,334.2427330130074,330.7694298479897,327.296126682972,323.82282351795425,320.3495203529365,316.8762171879188,313.40291402290114,309.92961085788335,306.4563076928656,302.9830045278479,308.9490109360319,315.9093846366591,322.86975833728627,329.83013203791336,336.8370508618963,344.99168316330196,353.14631546470764,361.3009477661133,369.45558006751907,377.61021236892475,385.7648446703305,393.9194769717362,402.07410927314186,410.2287415745476,417.93863898035727,425.54407821316516,433.1495174459731,440.754956678781,448.36039591158885,455.9658351443969,463.57127437720476,471.17671361001265,478.7821528428206,486.3875920756285,493.99303130843646,501.5984705412443,505.5857875256371,507.92973601574715,510.2736845058571,512.6176329959671,514.9615814860771,517.3055299761871,519.6494784662971,521.9934269564071,524.3373754465172,526.6813239366271,529.025272426737,531.3692209168471,534.8467417187334,538.9427516319051,543.038761545077,547.1347714582488,551.2307813714204,555.3267912845923,559.422801197764,563.5188111109359,564.578767428354,560.6565291602261,556.7342908920982,552.8120526239703,548.8898143558424,544.9675760877144,541.0453378195866,537.1230995514586,532.2733140523219,524.2042031297688,516.1350922072156,508.0659812846625,499.99687036210923,491.9277594395561,483.8586485170031,475.720875498036,467.5777715211014,459.43466754416687,451.29156356723234
/Users/jonathanharrison/Documents/DPhil/minimal_branch/rstan_analysis/data/Example14/20170717_oocyte_stg7_phalloidin-488_grk-546_Z_06.tif.ome.tif,1,63,393.8483250118819,400.49606247048587,407.1437999290898,413.79153738769384,420.43927484629785,427.0870123049018,433.7347497635059,440.3824872221097,447.0302246807138,453.6779621393178,460.3256995979217,466.97343705652577,473.6211745151298,480.1781029287775,486.48137025226225,492.784637575747,499.0879048992318,505.39117222271653,511.6944395462013,517.9977068696861,524.3009741931709,530.6042415166555,537.8833713723814,545.2641405980442,552.6449098237067,560.0256790493695,567.4064482750321,574.7872175006949,582.1679867263575,589.5487559520201,596.9295251776828,604.3102944033454,611.6910636290081,619.0718328546708,626.4526020803333,631.0041980185317,635.2577597244705,639.5113214304093,643.7648831363481,647.8606116937364,648.0644775012717,648.2683433088068,648.4722091163419,648.6760749238771,648.8799407314123,649.0838065389473,649.2876723464826,649.4915381540176,649.6954039615529,647.3460497568499,644.3970018910674,641.4479540252846,638.498906159502,635.5498582937192,632.6008104279366,629.651762562154,626.7027146963712,623.7536668305887,620.8046189648061,617.8555710990233,614.9065232332407,608.6126137867454,600.7994521530454,592.9862905193454,585.1731288856454,577.3599672519455,569.5468056182453,561.7336439845453,553.9204823508452,546.1073207171452,538.2941590834452,530.4809974497451,522.6678358160451,515.3456919849863,508.2914526900793,501.2372133951723,494.1829741002654,487.12873480535853,480.0744955104516,473.02025621554446,465.96601692063757,458.8746412485049,451.7223244066246,444.5700075647443,437.417690722864,430.2653738809837,423.1130570391034,415.9607401972231,408.8084233553429,402.9885080770995,401.7930842367213,400.59766039634303,399.40223655596475,398.2068127155866,397.0113888752083,395.81596503483007,395.28534336075273,394.80633724446244,394.3273311281722,393.8483250118819
/Users/jonathanharrison/Documents/DPhil/minimal_branch/rstan_analysis/data/Example14/20170717_oocyte_stg7_phalloidin-488_grk-546_Z_06.tif.ome.tif,1,64,451.2915635672323,446.56428359666944,441.8370036261066,437.1097236555438,432.38244368498084,427.65516371441805,422.92788374385526,418.20060377329236,413.47332380272957,408.7460438321667,404.01876386160393,399.29148389104097,394.5642039204782,389.71818869816923,384.5405048253067,379.3628209524443,374.18513707958175,369.0074532067193,363.82976933385675,358.6520854609942,353.47440158813174,348.29671771526927,344.66264250806057,341.1893393430429,337.7160361780251,334.2427330130074,330.7694298479897,327.296126682972,323.82282351795425,320.3495203529365,316.8762171879188,313.40291402290114,309.92961085788335,306.4563076928656,302.9830045278479,308.9490109360319,315.9093846366591,322.86975833728627,329.83013203791336,336.8370508618963,344.99168316330196,353.14631546470764,361.3009477661133,369.45558006751907,377.61021236892475,385.7648446703305,393.9194769717362,402.07410927314186,410.2287415745476,417.9386389803572,425.54407821316516,433.1495174459731,440.754956678781,448.3603959115889,455.9658351443969,463.57127437720476,471.1767136100127,478.7821528428206,486.38759207562856,493.99303130843646,501.5984705412443,505.5857875256371,507.9297360157471,510.2736845058571,512.6176329959671,514.9615814860771,517.3055299761871,519.6494784662971,521.9934269564071,524.3373754465172,526.6813239366271,529.025272426737,531.3692209168471,534.8467417187334,538.9427516319051,543.038761545077,547.1347714582488,551.2307813714204,555.3267912845923,559.422801197764,563.5188111109359,564.578767428354,560.6565291602261,556.7342908920982,552.8120526239703,548.8898143558424,544.9675760877144,541.0453378195866,537.1230995514586,532.2733140523219,524.2042031297688,516.1350922072156,508.0659812846625,499.9968703621093,491.9277594395561,483.8586485170031,475.72087549803604,467.5777715211014,459.43466754416687,451.29156356723234
/Users/jonathanharrison/Documents/DPhil/minimal_branch/rstan_analysis/data/Example14/20170717_oocyte_stg7_phalloidin-488_grk-546_Z_06.tif.ome.tif,1,64,393.8483250118819,400.49606247048587,407.1437999290898,413.79153738769384,420.43927484629785,427.0870123049018,433.7347497635059,440.3824872221098,447.0302246807138,453.6779621393178,460.32569959792175,466.97343705652577,473.6211745151298,480.1781029287775,486.4813702522622,492.78463757574696,499.0879048992318,505.39117222271653,511.6944395462013,517.9977068696861,524.3009741931709,530.6042415166555,537.8833713723814,545.2641405980442,552.6449098237067,560.0256790493695,567.4064482750321,574.7872175006949,582.1679867263575,589.5487559520201,596.9295251776828,604.3102944033454,611.6910636290081,619.0718328546708,626.4526020803333,631.0041980185317,635.2577597244705,639.5113214304093,643.7648831363481,647.8606116937364,648.0644775012717,648.2683433088068,648.4722091163419,648.6760749238771,648.8799407314123,649.0838065389473,649.2876723464826,649.4915381540176,649.6954039615529,647.3460497568499,644.3970018910674,641.4479540252846,638.498906159502,635.5498582937192,632.6008104279366,629.651762562154,626.7027146963712,623.7536668305887,620.8046189648061,617.8555710990233,614.9065232332407,608.6126137867454,600.7994521530454,592.9862905193454,585.1731288856454,577.3599672519455,569.5468056182453,561.7336439845453,553.9204823508452,546.1073207171452,538.2941590834452,530.4809974497451,522.6678358160451,515.3456919849863,508.2914526900793,501.2372133951723,494.1829741002654,487.12873480535853,480.0744955104515,473.0202562155445,465.96601692063757,458.8746412485049,451.7223244066245,444.57000756474423,437.417690722864,430.26537388098365,423.1130570391034,415.9607401972231,408.8084233553429,402.9885080770995,401.7930842367213,400.59766039634303,399.40223655596475,398.2068127155866,397.0113888752083,395.81596503483007,395.28534336075273,394.80633724446244,394.3273311281722,393.8483250118819
/Users/jonathanharrison/Documents/DPhil/minimal_branch/rstan_analysis/data/Example14/20170717_oocyte_stg7_phalloidin-488_grk-546_Z_06.tif.ome.tif,1,65,467.7072544796707,460.10528452321694,452.50331456676315,451.41582779185694,446.54651704050036,441.67720628914395,436.8078955377875,431.93858478643097,427.0692740350745,422.1999632837181,417.33065253236157,412.4613417810051,407.59203102964864,402.72272027829223,397.85340952693565,392.98409877557924,388.01979982282586,382.7901659496296,377.6943168146677,372.84423020578896,367.9941435969103,363.1440569880316,358.29397037915294,353.4438837702743,348.5937971613956,344.97859748504004,341.5358051925067,338.09729964695526,334.65879410140377,331.2202885558524,327.78178301030096,324.34327746474946,320.904771919198,317.4662663736466,314.0277608280952,310.58925528254366,307.27511556201273,305.4810372947736,311.23840668609586,317.7912699113727,324.48300569447866,331.58346145663,338.721153317466,346.7770159602402,354.8328786030144,362.88874124578865,370.94460388856294,379.0004665313371,387.0563291741114,395.1121918168856,403.16805445965986,411.2239171024341,418.8786009232501,426.4476218825066,434.01664284176314,441.58566380101956,449.1546847602761,456.72370571953263,464.29272667878905,471.8617476380456,479.430768597302,486.3230971472678,492.7211176425282,499.11913813778864,502.62266083431706,504.81148873541923,507.00031663652146,509.18914453762363,511.37797243872575,513.566800339828,515.75562824093,517.9444561420323,520.1332840431345,522.4184618519023,524.7731043871688,527.1277469224354,530.389247307123,534.1455389808391,537.9018306545552,541.6581223282712,545.4144140019872,549.1707056757033,552.9269973494193,556.6832890231353,558.0107378202486,555.3524309489247,552.694124077601,550.0358172062773,547.3775103349536,544.5234178072214,539.9092061885844,535.2949945699472,529.9387451665032,522.0070354243259,514.0753256821486,506.14361593997126,498.17732461863244,490.21043885853805,482.24355309844384,474.2217376612184
/Users/jonathanharrison/Documents/DPhil/minimal_branch/rstan_analysis/data/Example14/20170717_oocyte_stg7_phalloidin-488_grk-546_Z_06.tif.ome.tif,1,65,396.11994570876556,396.8242275906395,397.5285094725135,398.6159962474197,405.02167298920904,411.4273497309984,417.83302647278776,424.23870321457724,430.6443799563666,437.050056698156,443.4557334399454,449.86141018173475,456.2670869235241,462.6727636653135,469.07844040710296,475.4841171488923,481.81714665471674,487.94724728841067,494.17527713120796,500.583202903274,506.99112867533995,513.3990544474059,519.8069802194719,526.2149059915379,532.6228317636038,539.8114475614626,547.1031195608268,554.3969202330143,561.6907209052019,568.9845215773894,576.2783222495771,583.5721229217646,590.8659235939521,598.1597242661396,605.4535249383272,612.7473256105147,620.0254175926588,627.111510090919,631.9342639592077,636.5185904416887,640.7694995189715,644.0391178574922,647.1824696771724,647.2123312969702,647.242192916768,647.2720545365656,647.3019161563634,647.3317777761611,647.3616393959587,647.3915010157566,647.4213626355541,647.4512242553519,645.1823110711263,642.4218107317408,639.6613103923551,636.9008100529694,634.1403097135837,631.3798093741982,628.6193090348127,625.8588086954269,623.0983083560413,619.699631460563,615.8347814446688,611.9699314287748,605.4291921483106,597.6730511180824,589.9169100878545,582.1607690576265,574.4046280273985,566.6484869971704,558.8923459669425,551.1362049367143,543.3800639064864,535.6496805086941,527.9378674129993,520.2260543173045,512.9070554637226,505.80238023906213,498.6977050144017,491.59302978974137,484.48835456508107,477.3836793404206,470.2790041157602,463.1743288910999,456.03994456465887,448.8568073024197,441.6736700401807,434.4905327779417,427.3073955157026,420.22742720373407,414.07495093735724,407.9224746709804,402.83591965551307,401.4489577903379,400.0619959251626,398.6750340599873,397.9900527607607,397.3171381300928,396.6442234994249,396.50315060179776
/Users/jonathanharrison/Documents/DPhil/minimal_branch/rstan_analysis/data/Example14/20170717_oocyte_stg7_phalloidin-488_grk-546_Z_06.tif.ome.tif,1,66,467.8367374382401,460.77590150226695,453.7150655662939,451.5400920164815,446.52875048433134,441.5174089521812,436.5060674200312,431.49472588788103,426.48338435573095,421.47204282358086,416.4607012914307,411.44935975928075,406.43801822713056,401.42667669498053,396.41533516283033,391.4039936306803,386.3214109474825,381.0398270739526,376.025812676891,371.5033233319962,366.9808339871014,362.4583446422065,357.93585529731166,353.4133659524168,348.89087660752205,345.29455246201945,341.88227104197057,338.4785631158854,335.0748551898002,331.6711472637151,328.2674393376299,324.86373141154473,321.46002348545954,318.0563155593744,314.6526076332892,311.24889970720403,308.0939234311598,307.97907006169925,313.5278024361598,319.67315518608626,326.096253051671,333.33679087534665,340.6052557730357,348.5623487571785,356.5194417413212,364.476534725464,372.43362770960675,380.39072069374953,388.3478136778923,396.304906662035,404.2619996461778,412.2190926303206,419.81856286614294,427.35116555184806,434.88376823755317,442.41637092325817,449.94897360896323,457.48157629466834,465.01417898037334,472.54678166607835,480.0793843517834,486.25860221890696,491.44920397661997,496.6398057343331,499.65953414299713,501.6932414550914,503.7269487671857,505.7606560792801,507.79436339137436,509.8280707034688,511.86177801556306,513.8954853276575,515.9291926397518,518.1555997671774,520.5209363476005,522.8862729280238,525.9317528955128,529.348326329773,532.7648997640333,536.1814731982936,539.5980466325539,543.0146200668144,546.4311935010744,549.8477669353348,551.4427082121429,550.0483327376235,548.6539572631038,547.2595817885843,545.8652063140648,544.0792595267285,538.7730745575822,533.4668895884358,527.6041762806842,519.809867718883,512.0155591570814,504.2212505952801,496.35777887515553,488.49311827752,480.62845767988466,472.72259982440085
/Users/jonathanharrison/Documents/DPhil/minimal_branch/rstan_analysis/data/Example14/20170717_oocyte_stg7_phalloidin-488_grk-546_Z_06.tif.ome.tif,1,66,397.43355417306867,399.3211240531068,401.20869393314507,403.38366748295743,409.54728350793226,415.71089953290704,421.87451555788186,428.0381315828566,434.2017476078314,440.3653636328062,446.52897965778095,452.6925956827557,458.85621170773055,465.01982773270527,471.1834437576801,477.3470597826548,483.456190380656,489.41312432455913,495.56591668666897,502.07850090731625,508.59108512796337,515.1036693486105,521.6162535692577,528.1288377899049,534.641422010552,541.7395237505438,548.9420985236096,556.148930642322,563.3557627610344,570.5625948797467,577.7694269984593,584.9762591171717,592.183091235884,599.3899233545965,606.5967554733088,613.8035875920212,620.9790023306468,627.7704181015044,632.8643298998836,637.779421158907,642.027677607534,644.3133525786363,646.5043276606085,646.3601850926689,646.2160425247291,646.0718999567893,645.9277573888496,645.7836148209099,645.6394722529701,645.4953296850306,645.3511871170906,645.2070445491511,643.0185723854026,640.4466195724142,637.8746667594255,635.3027139464369,632.7307611334484,630.1588083204597,627.5868555074711,625.0149026944825,622.442949881494,618.5946439563198,613.8139917903143,609.0333396243086,602.2457705098756,594.5466500831195,586.8475296563636,579.1484092296075,571.4492888028516,563.7501683760955,556.0510479493395,548.3519275225834,540.6528070958275,533.005201933943,525.3947373762534,517.7842728185636,510.4684189424587,503.31330778804494,496.15819663363106,489.0030854792173,481.84797432480354,474.6928631703898,467.5377520159759,460.38264086156204,453.2052478808129,445.99129019821504,438.7773325156172,431.5633748330194,424.3494171504216,417.3417973683648,412.18916167749137,407.0365259866179,402.6833312339266,401.10483134395434,399.5263314539821,397.9478315640099,397.77329280593483,397.62288738497733,397.4724819640198,397.72095784284284
/Users/jonathanharrison/Documents/DPhil/minimal_branch/rstan_analysis/data/Example14/20170717_oocyte_stg7_phalloidin-488_grk-546_Z_06.tif.ome.tif,1,67,467.96622039680943,461.44651848131707,454.92681656582465,451.6643562411061,446.5109839281623,441.3576116152186,436.2042393022748,431.0508669893311,425.8974946763874,420.7441223634437,415.5907500505,410.4373777375562,405.28400542461253,400.1306331116688,394.977260798725,389.82388848578137,384.6230220721392,379.28948819827554,374.3573085391144,370.1624164582034,365.96752437729236,361.7726322963814,357.5777402154704,353.38284813455937,349.1879560536484,345.6105074389989,342.22873689143444,338.85982658481555,335.4909162781966,332.1220059715778,328.7530956649589,325.38418535834,322.01527505172106,318.6463647451022,315.27745443848323,311.9085441318644,308.9127313003069,310.47710282862494,315.8171981862238,321.5550404607998,327.7095004088634,335.0901202940633,342.48935822860545,350.3476815541168,358.20600487962804,366.0643282051393,373.9226515306506,381.7809748561619,389.63929818167315,397.49762150718453,405.35594483269574,413.21426815820706,420.75852480903586,428.2547092211895,435.7508936333432,443.2470780454967,450.7432624576504,458.23944686980394,465.7356312819576,473.23181569411116,480.7280001062648,486.1941072905462,490.1772903107118,494.16047333087744,496.6964074516771,498.57499417476356,500.45358089785003,502.3321676209365,504.21075434402303,506.0893410671097,507.9679277901961,509.8465145132826,511.72510123636914,513.8927376824524,516.2687683080322,518.6447989336122,521.4742584839025,524.551113678707,527.6279688735116,530.7048240683159,533.7816792631205,536.8585344579253,539.9353896527297,543.0122448475342,544.8746786040374,544.744234526322,544.6137904486068,544.4833463708914,544.352902293176,543.6351012462354,537.63694292658,531.6387846069244,525.2696073948655,517.61270001344,509.9557926320143,502.29888525058885,494.5382331316787,486.7757976965019,479.0133622613254,471.2234619875832
/Users/jonathanharrison/Documents/DPhil/minimal_branch/rstan_analysis/data/Example14/20170717_oocyte_stg7_phalloidin-488_grk-546_Z_06.tif.ome.tif,1,67,398.74716263737173,401.8180205155742,404.88887839377674,408.15133871849525,414.0728940266555,419.9944493348156,425.9160046429758,431.837559951136,437.7591152592962,443.6806705674564,449.60222587561645,455.52378118377675,461.4453364919369,467.36689180009705,473.28844710825723,479.2100024164174,485.0952341065951,490.87900136070766,496.95655624213003,503.57379891135844,510.1910415805868,516.8082842498151,523.4255269190435,530.042769588272,536.6600122575003,543.667599939625,550.7810774863923,557.9009410516295,565.0208046168669,572.1406681821042,579.2605317473415,586.3803953125787,593.5002588778159,600.6201224430532,607.7399860082905,614.8598495735279,621.9325870686349,628.4293261120899,633.7943958405596,639.0402518761252,643.2858556960962,644.5875872997804,645.8261856440446,645.5080388883674,645.1898921326903,644.871745377013,644.5535986213359,644.2354518656587,643.9173051099816,643.5991583543044,643.2810115986273,642.9628648429501,640.854833699679,638.4714284130876,636.088023126496,633.7046178399044,631.3212125533128,628.9378072667212,626.5544019801298,624.1709966935382,621.7875914069467,617.4896564520768,611.7932021359596,606.0967478198427,599.0623488714406,591.4202490481566,583.7781492248725,576.1360494015886,568.4939495783046,560.8518497550207,553.2097499317366,545.5676501084527,537.9255502851687,530.360723359192,522.8516073395074,515.342491319823,508.02978242119497,500.82423533702774,493.6186882528606,486.41314116869336,479.207594084526,472.00204700035886,464.79649991619164,457.5909528320243,450.37055119696686,443.12577309401024,435.8809949910536,428.63621688809707,421.3914387851405,414.45616753299544,410.3033724176254,406.15057730225544,402.5307428123401,400.7607048975709,398.9906669828016,397.2206290680324,397.556532851109,397.9286366398618,398.30074042861463,398.93876508388786
/Users/jonathanharrison/Documents/DPhil/minimal_branch/rstan_analysis/data/Example14/20170717_oocyte_stg7_phalloidin-488_grk-546_Z_06.tif.ome.tif,1,68,468.0957033553788,462.1171354603672,456.1385675653554,451.7886204657307,446.49321737199324,441.1978142782559,435.9024111845185,430.60700809078116,425.31160499704384,420.0162019033065,414.72079880956915,409.42539571583177,404.1299926220945,398.8345895283571,393.5391864346197,388.24378334088243,382.9246331967958,377.5391493225985,372.6888044013378,368.8215095844106,364.95421476748345,361.0869199505563,357.2196251336291,353.3523303167019,349.48503549977477,345.92646241597834,342.5752027408983,339.24109005374567,335.90697736659297,332.5728646794404,329.2387519922878,325.9046393051352,322.5705266179826,319.23641393083,315.9023012436773,312.5681885565247,309.73153916945404,312.9751355955506,318.1065939362877,323.43692573551334,329.32274776605584,336.84344971277994,344.3734606841752,352.133014351055,359.8925680179348,367.6521216848146,375.4116753516945,383.1712290185743,390.93078268545406,398.69033635233393,406.44989001921374,414.2094436860936,421.6984867519287,429.1582528905309,436.6180190291332,444.0777851677353,451.53755130633755,458.99731744493965,466.4570835835419,473.9168497221441,481.3766158607462,486.12961236218536,488.9053766448036,491.6811409274218,493.73328076035705,495.4567468944357,497.1802130285143,498.9036791625931,500.62714529667176,502.35061143075046,504.074077564829,505.7975436989078,507.5210098329864,509.62987559772756,512.0166002684639,514.4033249392005,517.0167640722922,519.7539010276408,522.4910379829898,525.2281749383385,527.9653118936874,530.7024488490362,533.4395858043849,536.1767227597337,538.3066489959317,539.4401363150207,540.5736236341096,541.7071109531984,542.8405982722873,543.1909429657425,536.5008112955778,529.8106796254131,522.9350385090468,515.4155323079971,507.89602610694726,500.3765199058977,492.7186873882018,485.05847711548387,477.39826684276625,469.72432415076565
/Users/jonathanharrison/Documents/DPhil/minimal_branch/rstan_analysis/data/Example14/20170717_oocyte_stg7_phalloidin-488_grk-546_Z_06.tif.ome.tif,1,68,400.06077110167485,404.3149169780415,408.5690628544083,412.919009954033,418.59850454537866,424.27799913672425,429.9574937280698,435.6369883194153,441.316482910761,446.9959775021065,452.675472093452,458.35496668479766,464.03446127614325,469.7139558674888,475.3934504588345,481.07294505018,486.73427783253436,492.3448783968561,498.3471957975911,505.0690969154007,511.7909980332103,518.5128991510198,525.2348002688293,531.9567013866389,538.6786025044485,545.5956761287061,552.620056449175,559.6529514609372,566.6858464726994,573.7187414844615,580.7516364962236,587.7845315079859,594.817426519748,601.8503215315101,608.8832165432722,615.9161115550344,622.8861718066229,629.0882341226755,634.7244617812355,640.3010825933435,644.5440337846584,644.8618220209245,645.1480436274805,644.655892684066,644.1637417406514,643.6715907972368,643.1794398538221,642.6872889104076,642.195137966993,641.7029870235785,641.2108360801637,640.7186851367492,638.6910950139554,636.4962372537609,634.3013794935664,632.1065217333719,629.9116639731774,627.7168062129829,625.5219484527884,623.3270906925939,621.1322329323993,616.3846689478337,609.7724124816052,603.1601560153765,595.8789272330057,588.2938480131936,580.7087687933816,573.1236895735697,565.5386103537577,557.9535311339457,550.3684519141336,542.7833726943218,535.1982934745099,527.716244784441,520.3084773027616,512.9007098210823,505.59114589993123,498.33516288601066,491.0791798720899,483.8231968581693,476.56721384424856,469.311230830328,462.05524781640725,454.7992648024866,447.53585451312085,440.2602559898054,432.98465746649015,425.70905894317485,418.4334604198595,411.57053769762615,408.4175831577595,405.2646286178929,402.37815439075365,400.4165784511875,398.4550025116212,396.493426572055,397.3397728962832,398.2343858947463,399.1289988932095,400.1565723249329
/Users/jonathanharrison/Documents/DPhil/minimal_branch/rstan_analysis/data/Example14/20170717_oocyte_stg7_phalloidin-488_grk-546_Z_06.tif.ome.tif,1,69,468.22518631394814,462.7877524394172,457.3503185648862,451.91288469035527,446.4754508158241,441.0380169412932,435.60058306676217,430.16314919223134,424.7257153177003,419.2882814431693,413.85084756863836,408.41341369410736,402.9759798195764,397.5385459450454,392.1011120705144,386.6636781959835,381.22624432145244,375.78881044692145,371.0203002635612,367.4806027106178,363.9409051576745,360.40120760473116,356.86151005178783,353.32181249884445,349.7821149459011,346.2424173929578,342.9216685903621,339.6223535226758,336.3230384549894,333.0237233873031,329.72440831961677,326.42509325193043,323.1257781842441,319.82646311655776,316.52714804887137,313.2278329811851,310.5503470386011,315.4731683624763,320.39598968635164,325.3188110102269,330.9359951232482,338.5967791314966,346.2575631397449,353.91834714799325,361.5791311562416,369.2399151644899,376.90069917273837,384.56148318098667,392.22226718923497,399.8830511974834,407.5438352057317,415.2046192139801,422.63844869482165,430.06179655987233,437.48514442492325,444.9084922899739,452.3318401550247,459.75518802007537,467.17853588512605,474.60188375017685,482.0252316152276,486.06511743382464,487.6334629788954,489.2018085239662,490.770154069037,492.3384996141078,493.90684515917866,495.4751907042495,497.04353624932037,498.61188179439125,500.180227339462,501.74857288453296,503.31691842960373,505.36701351300263,507.76443222889566,510.1618509447888,512.5592696606818,514.9566883765748,517.354107092468,519.7515258083608,522.148944524254,524.5463632401471,526.9437819560402,529.3412006719332,531.7386193878262,534.1360381037193,536.5334568196124,538.9308755355054,541.3282942513985,542.7467846852495,535.3646796645756,527.9825746439018,520.6004696232279,513.2183646025542,505.8362595818802,498.45415456120634,490.89914164472486,483.34115653446577,475.783171424207,468.22518631394803
/Users/jonathanharrison/Documents/DPhil/minimal_branch/rstan_analysis/data/Example14/20170717_oocyte_stg7_phalloidin-488_grk-546_Z_06.tif.ome.tif,1,69,401.37437956597796,406.8118134405088,412.2492473150399,417.6866811895708,423.12411506410183,428.5615489386329,433.9989828131637,439.4364166876947,444.87385056222575,450.3112844367567,455.7487183112877,461.1861521858186,466.62358606034957,472.06101993488056,477.4984538094116,482.9358876839425,488.37332155847355,493.8107554330046,499.7378353530521,506.5643949194429,513.3909544858337,520.2175140522244,527.0440736186151,533.8706331850059,540.6971927513966,547.5237523177873,554.4590354119578,561.4049618702447,568.3508883285318,575.2968147868188,582.2427412451058,589.188667703393,596.13459416168,603.0805206199669,610.0264470782539,616.972373536541,623.8397565446109,629.7471421332611,635.6545277219114,641.5619133105617,645.8022118732207,645.1360567420686,644.4699016109166,643.8037464797645,643.1375913486125,642.4714362174605,641.8052810863085,641.1391259551564,640.4729708240044,639.8068156928524,639.1406605617003,638.4745054305482,636.5273563282318,634.5210460944344,632.5147358606368,630.5084256268393,628.5021153930419,626.4958051592444,624.4894949254469,622.4831846916495,620.476874457852,615.2796814435906,607.7516228272506,600.2235642109106,592.6955055945707,585.1674469782307,577.6393883618907,570.1113297455507,562.5832711292107,555.0552125128709,547.5271538965308,539.9990952801909,532.471036663851,525.0717662096898,517.7653472660157,510.4589283223415,503.1525093786675,495.84609043499347,488.5396714913193,481.23325254764524,473.92683360397115,466.62041466029706,459.31399571662297,452.00757677294877,444.70115782927485,437.3947388856006,430.0883199419266,422.7819009982525,415.4754820545785,408.6849078622568,406.53179389789364,404.3786799335304,402.22556596916723,400.072452004804,397.9193380404407,395.76622407607755,397.1230129414573,398.5401351496308,399.95725735780434,401.3743795659779
/Users/jonathanharrison/Documents/DPhil/minimal_branch/rstan_analysis/data/Example14/20170717_oocyte_stg7_phalloidin-488_grk-546_Z_06.tif.ome.tif,1,70,468.22518631394814,462.7877524394172,457.3503185648862,451.91288469035527,446.47545081582416,441.0380169412932,435.6005830667622,430.1631491922313,424.7257153177003,419.2882814431693,413.85084756863836,408.41341369410736,402.9759798195764,397.5385459450454,392.1011120705144,386.6636781959835,381.22624432145244,375.78881044692145,371.0203002635612,367.4806027106178,363.9409051576745,360.40120760473116,356.86151005178783,353.32181249884445,349.7821149459011,346.2424173929578,342.9216685903621,339.6223535226758,336.3230384549894,333.0237233873031,329.72440831961677,326.42509325193043,323.1257781842441,319.82646311655776,316.52714804887137,313.2278329811851,310.5503470386011,315.4731683624763,320.39598968635164,325.3188110102269,330.9359951232482,338.5967791314966,346.2575631397449,353.91834714799325,361.5791311562416,369.2399151644899,376.90069917273837,384.56148318098667,392.22226718923497,399.8830511974834,407.5438352057317,415.2046192139801,422.6384486948216,430.06179655987233,437.4851444249232,444.9084922899739,452.3318401550247,459.75518802007537,467.1785358851261,474.60188375017685,482.0252316152276,486.0651174338246,487.63346297889535,489.2018085239662,490.770154069037,492.33849961410783,493.90684515917866,495.47519070424954,497.04353624932037,498.61188179439125,500.180227339462,501.7485728845329,503.31691842960373,505.36701351300263,507.76443222889566,510.1618509447888,512.5592696606818,514.9566883765748,517.354107092468,519.7515258083608,522.148944524254,524.5463632401471,526.9437819560402,529.3412006719332,531.7386193878262,534.1360381037193,536.5334568196124,538.9308755355054,541.3282942513985,542.7467846852495,535.3646796645756,527.9825746439018,520.6004696232279,513.2183646025542,505.8362595818802,498.4541545612064,490.89914164472486,483.3411565344658,475.783171424207,468.2251863139481
/Users/jonathanharrison/Documents/DPhil/minimal_branch/rstan_analysis/data/Example14/20170717_oocyte_stg7_phalloidin-488_grk-546_Z_06.tif.ome.tif,1,70,401.37437956597796,406.8118134405088,412.2492473150399,417.6866811895708,423.12411506410183,428.5615489386328,433.99898281316376,439.4364166876947,444.87385056222575,450.3112844367567,455.74871831128763,461.1861521858186,466.6235860603496,472.06101993488056,477.4984538094116,482.9358876839425,488.37332155847355,493.81075543300454,499.7378353530521,506.5643949194429,513.3909544858337,520.2175140522244,527.0440736186151,533.8706331850059,540.6971927513966,547.5237523177873,554.4590354119578,561.4049618702447,568.3508883285318,575.2968147868188,582.2427412451058,589.188667703393,596.13459416168,603.0805206199669,610.0264470782539,616.972373536541,623.8397565446109,629.7471421332611,635.6545277219114,641.5619133105617,645.8022118732207,645.1360567420686,644.4699016109166,643.8037464797645,643.1375913486125,642.4714362174605,641.8052810863085,641.1391259551564,640.4729708240044,639.8068156928524,639.1406605617003,638.4745054305482,636.5273563282318,634.5210460944344,632.5147358606368,630.5084256268393,628.5021153930419,626.4958051592444,624.4894949254469,622.4831846916495,620.476874457852,615.2796814435906,607.7516228272506,600.2235642109106,592.6955055945707,585.1674469782307,577.6393883618907,570.1113297455507,562.5832711292107,555.0552125128709,547.5271538965308,539.9990952801909,532.471036663851,525.0717662096898,517.7653472660157,510.45892832234154,503.1525093786675,495.84609043499347,488.5396714913193,481.23325254764524,473.9268336039711,466.62041466029706,459.31399571662297,452.0075767729488,444.70115782927485,437.39473888560065,430.0883199419266,422.7819009982525,415.4754820545785,408.6849078622568,406.53179389789364,404.3786799335304,402.22556596916723,400.072452004804,397.9193380404407,395.76622407607755,397.1230129414573,398.5401351496308,399.95725735780434,401.3743795659779
/Users/jonathanharrison/Documents/DPhil/minimal_branch/rstan_analysis/data/Example14/20170717_oocyte_stg7_phalloidin-488_grk-546_Z_06.tif.ome.tif,1,71,502.09243180738014,496.04820039516727,490.0039689829545,483.95973757074177,477.91550615852896,471.8712747463162,466.59138308843785,461.6266416364528,456.6619001844678,451.6971587324827,446.73241728049766,441.7676758285126,436.80293437652756,431.8381929245425,426.87345147255746,421.9087100205724,416.9439685685874,411.9792271166023,407.0144856646173,402.04974421263233,397.0850027606472,392.12026130866224,387.1555198566772,382.1907784046921,377.22603695270703,372.261295500722,367.296554048737,362.33181259675194,357.3670711447669,352.40232969278185,348.50714404199834,345.90008682520767,343.2930296084171,340.6859723916264,338.0789151748358,335.4718579580452,332.86480074125456,330.25774352446393,327.65068630767325,325.04362909088263,322.43657187409195,319.8295146573014,317.22245744051077,314.6154002237201,312.16799280083677,317.68836195152016,323.20873110220356,328.729100252887,334.2494694035704,339.76983855425385,345.29020770493725,350.951503291419,357.1660202085661,363.3805371257133,369.59505404286057,375.8095709600077,382.0240878771549,388.2386047943021,394.4531217114493,400.6676386285965,406.8821555457437,413.0966724628909,419.31118938003806,425.52570629718525,431.74022321433245,437.9547401314796,443.99433990387405,449.94797749021257,455.90161507655114,461.8552526628896,467.80889024922817,473.76252783556663,479.71616542190515,485.6698030082436,489.4909252946281,490.7450502817539,491.9991752688796,493.2533002560054,494.5074252431312,495.76155023025683,497.01567521738264,498.26980020450833,499.52392519163413,500.7780501787599,502.0321751658856,503.2863001530113,504.5404251401371,505.7945501272628,507.0486751143885,508.30280010151426,509.55692508864,510.81105007576576,512.0651750628915,513.3193000500173,511.5784289081044,509.68122948795957,507.7840300678146,505.8868306476698,503.98963122752497,502.0924318073801
/Users/jonathanharrison/Documents/DPhil/minimal_branch/rstan_analysis/data/Example14/20170717_oocyte_stg7_phalloidin-488_grk-546_Z_06.tif.ome.tif,1,71,455.93827508317366,454.16055996193455,452.38284484069555,450.60512971945656,448.82741459821744,447.04969947697845,449.27704819058044,453.15575244994375,457.0344567093071,460.9131609686703,464.79186522803366,468.670569487397,472.5492737467603,476.4279780061236,480.3066822654869,484.1853865248502,488.06409078421353,491.94279504357684,495.8214993029402,499.7002035623035,503.5789078216668,507.4576120810301,511.3363163403934,515.2150205997567,519.09372485912,522.9724291184834,526.8511333778466,530.72983763721,534.6085418965732,538.4872461559366,543.2082915156175,548.9438173925569,554.6793432694963,560.4148691464356,566.150395023375,571.8859209003145,577.6214467772538,583.3569726541931,589.0924985311326,594.8280244080721,600.5635502850115,606.2990761619509,612.0346020388902,617.7701279158297,623.4526300782179,626.4888331110938,629.5250361439696,632.5612391768456,635.5974422097214,638.6336452425973,641.6698482754732,643.8793595681591,642.8436067486346,641.80785392911,640.7721011095855,639.736348290061,638.7005954705363,637.6648426510119,636.6290898314874,635.5933370119628,634.5575841924384,633.5218313729139,632.4860785533892,631.4503257338647,630.4145729143403,629.3788200948156,627.6557327693012,625.594858220184,623.5339836710668,621.4731091219496,619.4122345728324,617.3513600237152,615.2904854745981,613.2296109254809,609.3022383696931,603.1280845869202,596.9539308041475,590.7797770213746,584.6056232386017,578.4314694558288,572.2573156730559,566.0831618902831,559.9090081075102,553.7348543247373,547.5607005419645,541.3865467591917,535.2123929764188,529.0382391936458,522.864085410873,516.6899316281001,510.51577784532725,504.34162406255444,498.1674702797816,491.99331649700866,485.97726590213415,479.969467738342,473.96166957454994,467.9538714107578,461.94607324696574,455.93827508317366
/Users/jonathanharrison/Documents/DPhil/minimal_branch/rstan_analysis/data/Example14/20170717_oocyte_stg7_phalloidin-488_grk-546_Z_06.tif.ome.tif,1,72,502.09243180738014,496.04820039516727,490.0039689829545,483.95973757074177,477.91550615852896,471.8712747463162,466.59138308843785,461.6266416364528,456.6619001844678,451.6971587324827,446.73241728049766,441.7676758285126,436.80293437652756,431.8381929245425,426.87345147255746,421.9087100205724,416.9439685685874,411.9792271166023,407.0144856646173,402.04974421263233,397.0850027606472,392.12026130866224,387.1555198566772,382.1907784046921,377.22603695270703,372.261295500722,367.296554048737,362.33181259675194,357.3670711447669,352.40232969278185,348.50714404199834,345.90008682520767,343.2930296084171,340.6859723916264,338.0789151748358,335.4718579580452,332.86480074125456,330.25774352446393,327.65068630767325,325.04362909088263,322.43657187409195,319.8295146573014,317.22245744051077,314.6154002237201,312.16799280083677,317.68836195152016,323.20873110220356,328.729100252887,334.2494694035704,339.76983855425385,345.29020770493725,350.951503291419,357.1660202085661,363.3805371257133,369.59505404286057,375.8095709600077,382.0240878771549,388.2386047943021,394.4531217114493,400.6676386285965,406.8821555457437,413.0966724628909,419.31118938003806,425.52570629718525,431.74022321433245,437.9547401314796,443.99433990387405,449.94797749021257,455.90161507655114,461.8552526628896,467.80889024922817,473.76252783556663,479.71616542190515,485.6698030082436,489.4909252946281,490.7450502817539,491.9991752688796,493.2533002560054,494.5074252431312,495.76155023025683,497.01567521738264,498.26980020450833,499.52392519163413,500.7780501787599,502.0321751658856,503.2863001530113,504.5404251401371,505.7945501272628,507.0486751143885,508.30280010151426,509.55692508864,510.81105007576576,512.0651750628915,513.3193000500173,511.5784289081044,509.68122948795957,507.7840300678146,505.8868306476698,503.98963122752497,502.0924318073801
/Users/jonathanharrison/Documents/DPhil/minimal_branch/rstan_analysis/data/Example14/20170717_oocyte_stg7_phalloidin-488_grk-546_Z_06.tif.ome.tif,1,72,455.93827508317366,454.16055996193455,452.38284484069555,450.60512971945656,448.82741459821744,447.04969947697845,449.27704819058044,453.15575244994375,457.0344567093071,460.9131609686703,464.79186522803366,468.670569487397,472.5492737467603,476.4279780061236,480.3066822654869,484.1853865248502,488.06409078421353,491.94279504357684,495.8214993029402,499.7002035623035,503.5789078216668,507.4576120810301,511.3363163403934,515.2150205997567,519.09372485912,522.9724291184834,526.8511333778466,530.72983763721,534.6085418965732,538.4872461559366,543.2082915156175,548.9438173925569,554.6793432694963,560.4148691464356,566.150395023375,571.8859209003145,577.6214467772538,583.3569726541931,589.0924985311326,594.8280244080721,600.5635502850115,606.2990761619509,612.0346020388902,617.7701279158297,623.4526300782179,626.4888331110938,629.5250361439696,632.5612391768456,635.5974422097214,638.6336452425973,641.6698482754732,643.8793595681591,642.8436067486346,641.80785392911,640.7721011095855,639.736348290061,638.7005954705363,637.6648426510119,636.6290898314874,635.5933370119628,634.5575841924384,633.5218313729139,632.4860785533892,631.4503257338647,630.4145729143403,629.3788200948156,627.6557327693012,625.594858220184,623.5339836710668,621.4731091219496,619.4122345728324,617.3513600237152,615.2904854745981,613.2296109254809,609.3022383696931,603.1280845869202,596.9539308041475,590.7797770213746,584.6056232386017,578.4314694558288,572.2573156730559,566.0831618902831,559.9090081075102,553.7348543247373,547.5607005419645,541.3865467591917,535.2123929764188,529.0382391936458,522.864085410873,516.6899316281001,510.51577784532725,504.34162406255444,498.1674702797816,491.99331649700866,485.97726590213415,479.969467738342,473.96166957454994,467.9538714107578,461.94607324696574,455.93827508317366
/Users/jonathanharrison/Documents/DPhil/minimal_branch/rstan_analysis/data/Example14/20170717_oocyte_stg7_phalloidin-488_grk-546_Z_06.tif.ome.tif,1,73,472.9289704102582,471.34433597950965,466.73758584265477,462.1308357057999,457.52408556894505,452.9173354320901,448.3105852952352,444.08600503554754,440.01899987880654,435.95199472206554,431.88498956532453,427.81798440858347,423.7509792518424,419.68397409510146,415.6169689383604,411.5499637816194,407.4829586248784,403.4159534681374,399.3489483113964,395.2819431546553,391.2149379979144,387.1479328411733,383.0809276844323,379.0139225276913,374.94691737095025,370.8799122142092,366.81290705746824,362.7459019007272,358.67889674398623,354.61189158724517,350.54488643050416,347.0126591743639,344.12449613522006,341.23633309607624,338.3481700569324,335.4600070177886,332.57184397864484,329.683680939501,326.7955179003572,324.64169641247827,323.5395263360076,322.43735625953695,321.3351861830664,320.23301610659587,320.32658996436476,320.92204180409624,325.5013819306111,330.08072205712597,334.6600621836409,339.23940231015575,343.8187424366706,348.39808256318554,353.0478859075996,357.9742999173463,362.9007139270931,367.82712793683993,372.75354194658667,377.6799559563334,382.60636996608014,387.532783975827,392.4591979855737,397.38561199532046,402.3120260050673,407.23844001481405,412.1648540245608,417.0912680343075,422.01768204405425,426.8016631469498,431.54182539833585,436.28198764972194,441.022149901108,445.762312152494,450.50247440388006,455.2426366552661,459.98279890665214,463.65670350806124,466.04710945984095,467.1063772783865,467.92769003850657,468.7490027986266,469.57031555874653,470.39162831886654,471.21294107898655,472.0342538391066,472.85556659922656,473.6768793593466,474.4981921194666,475.3195048795866,476.1408176397066,476.96213039982655,477.78344315994656,478.47051575043713,478.8714159065564,479.2723160626757,479.6732162187949,478.5766183103948,477.4018562628788,476.2270942153626,475.05233216784666,473.8775701203306
/Users/jonathanharrison/Documents/DPhil/minimal_branch/rstan_analysis/data/Example14/20170717_oocyte_stg7_phalloidin-488_grk-546_Z_06.tif.ome.tif,1,73,497.3315751307015,498.233597806666,498.24676292201093,498.25992803735596,498.273093152701,498.286258268046,498.29942338339106,500.31512041615656,503.15649522180274,505.9978700274489,508.8392448330951,511.68061963874123,514.5219944443875,517.3633692500337,520.2047440556798,523.046118861326,525.8874936669722,528.7288684726184,531.5702432782646,534.4116180839108,537.2529928895569,540.0943676952031,542.9357425008493,545.7771173064955,548.6184921121417,551.4598669177878,554.301241723434,557.1426165290802,559.9839913347264,562.8253661403726,565.6667409460188,568.9292863018238,572.6990719162579,576.4688575306923,580.2386431451264,584.0084287595607,587.778214373995,591.5479999884292,595.3177856028633,599.461817204304,604.1418069300962,608.8217966558883,613.5017863816804,618.1817761074725,621.6139905816294,624.579274995858,626.2214098453304,627.8635446948028,629.5056795442754,631.1478143937479,632.7899492432202,634.4320840926928,635.6608730720703,635.2670299953426,634.8731869186149,634.4793438418872,634.0855007651594,633.6916576884316,633.2978146117039,632.9039715349761,632.5101284582485,632.1162853815208,631.722442304793,631.3285992280653,630.9347561513375,630.5409130746098,630.147069997882,628.8303157297913,627.3358407030704,625.8413656763496,624.3468906496287,622.8524156229076,621.3579405961867,619.8634655694659,618.368990542745,615.9412665126888,612.39015186914,607.694644776737,602.7945653974841,597.8944860182312,592.9944066389781,588.0943272597251,583.1942478804722,578.2941685012192,573.3940891219662,568.4940097427132,563.5939303634602,558.6938509842073,553.7937716049543,548.8936922257013,543.9936128464483,539.0947161081706,534.1983405172351,529.3019649262997,524.4055893353641,519.5882653383778,514.7750675569328,509.9618697754877,505.1486719940425,500.3354742125975
/Users/jonathanharrison/Documents/DPhil/minimal_branch/rstan_analysis/data/Example14/20170717_oocyte_stg7_phalloidin-488_grk-546_Z_06.tif.ome.tif,1,74,443.7655090131363,440.5962401516392,437.4269712901422,434.25770242864525,431.08843356714834,427.9191647056513,424.74989584415425,421.58062698265724,418.41135812116033,415.24208925966326,412.0728203981663,408.90355153666934,405.73428267517227,402.5650138136753,399.39574495217835,396.22647609068133,393.05720722918437,389.88793836768735,386.7186695061904,383.5494006446934,380.3801317831964,377.2108629216994,374.0415940602024,370.87232519870537,367.7030563372084,364.5337874757114,361.36451861421443,358.19524975271736,355.02598089122046,351.85671202972344,348.6874431682265,345.5181743067294,342.34890544523245,339.17963658373543,336.01036772223847,332.84109886074145,329.6718299992445,326.5025611377475,323.33329227625046,321.6327065172832,322.0354235811326,322.438140644982,322.8408577088315,323.2435747726809,326.03777970500937,329.67609080735576,333.31440190970204,336.95271301204843,340.59102411439477,344.2293352167411,347.86764631908744,351.50595742143383,355.14426852378017,358.78257962612645,362.4208907284729,366.05920183081923,369.69751293316557,373.33582403551185,376.97413513785824,380.61244624020463,384.2507573425509,387.88906844489725,391.52737954724364,395.16569064959,398.80400175193626,402.4423128542826,406.080623956629,409.60898639002556,413.1356733064591,416.66236022289274,420.18904713932636,423.7157340557599,427.2424209721935,430.7691078886271,434.29579480506067,437.8224817214944,441.34916863792796,442.2135792878935,442.60207982100775,442.99058035412196,443.3790808872363,443.7675814203505,444.15608195346476,444.5445824865791,444.93308301969324,445.32158355280757,445.7100840859218,446.09858461903605,446.48708515215037,446.8755856852646,447.26408621837885,447.38410641223425,446.9317817373471,446.47945706245986,446.0271323875725,445.57480771268524,445.122483037798,444.6701583629107,444.21783368802346,443.7655090131362
/Users/jonathanharrison/Documents/DPhil/minimal_branch/rstan_analysis/data/Example14/20170717_oocyte_stg7_phalloidin-488_grk-546_Z_06.tif.ome.tif,1,74,538.7248751782292,540.5289205301583,542.3329658820873,544.1370112340164,545.9410565859455,547.7451019378746,549.5491472898036,551.3531926417327,553.1572379936617,554.9612833455907,556.7653286975199,558.5693740494488,560.373419401378,562.177464753307,563.981510105236,565.7855554571651,567.5896008090942,569.3936461610232,571.1976915129522,573.0017368648813,574.8057822168105,576.6098275687394,578.4138729206685,580.2179182725976,582.0219636245266,583.8260089764557,585.6300543283847,587.4340996803138,589.2381450322429,591.0421903841719,592.846235736101,594.65028108803,596.4543264399591,598.2583717918882,600.0624171438172,601.8664624957463,603.6705078476754,605.4745531996044,607.2785985515335,609.8311358774754,613.4555894521202,617.0800430267651,620.7044966014099,624.3289501760548,625.4578532474291,625.7059199134981,625.9539865795671,626.2020532456362,626.4501199117053,626.6981865777743,626.9462532438433,627.1943199099125,627.4423865759816,627.6904532420506,627.9385199081197,628.1865865741887,628.434653240258,628.682719906327,628.930786572396,629.178853238465,629.4269199045341,629.6749865706032,629.9230532366722,630.1711199027412,630.4191865688103,630.6672532348794,630.9153199009485,630.0048986902815,629.0768231859568,628.1487476816322,627.2206721773076,626.2925966729829,625.3645211686583,624.4364456643337,623.508370160009,622.5802946556845,621.6522191513598,618.4353587493267,614.8093537735937,611.1833487978606,607.5573438221275,603.9313388463944,600.3053338706613,596.6793288949282,593.0533239191951,589.427318943462,585.8013139677289,582.1753089919957,578.5493040162627,574.9232990405296,571.2972940647965,567.6736543710139,564.0550569719159,560.4364595728177,556.8178621737196,553.1992647746215,549.5806673755235,545.9620699764254,542.3434725773272,538.7248751782292
/Users/jonathanharrison/Documents/DPhil/minimal_branch/rstan_analysis/data/Example14/20170717_oocyte_stg7_phalloidin-488_grk-546_Z_06.tif.ome.tif,1,75,443.7655090131363,440.5962401516392,437.4269712901422,434.25770242864525,431.08843356714834,427.9191647056513,424.74989584415425,421.58062698265724,418.41135812116033,415.24208925966326,412.0728203981663,408.90355153666934,405.73428267517227,402.5650138136753,399.39574495217835,396.22647609068133,393.05720722918437,389.88793836768735,386.7186695061904,383.5494006446934,380.3801317831964,377.2108629216994,374.0415940602024,370.87232519870537,367.7030563372084,364.5337874757114,361.36451861421443,358.19524975271736,355.02598089122046,351.85671202972344,348.6874431682265,345.5181743067294,342.34890544523245,339.17963658373543,336.01036772223847,332.84109886074145,329.6718299992445,326.5025611377475,323.33329227625046,321.6327065172832,322.0354235811326,322.438140644982,322.8408577088315,323.2435747726809,326.03777970500937,329.67609080735576,333.31440190970204,336.95271301204843,340.59102411439477,344.2293352167411,347.86764631908744,351.50595742143383,355.14426852378017,358.78257962612645,362.4208907284729,366.05920183081923,369.69751293316557,373.33582403551185,376.97413513785824,380.61244624020463,384.2507573425509,387.88906844489725,391.52737954724364,395.16569064959,398.80400175193626,402.4423128542826,406.080623956629,409.60898639002556,413.1356733064591,416.66236022289274,420.18904713932636,423.7157340557599,427.2424209721935,430.7691078886271,434.29579480506067,437.8224817214944,441.34916863792796,442.2135792878935,442.60207982100775,442.99058035412196,443.3790808872363,443.7675814203505,444.15608195346476,444.5445824865791,444.93308301969324,445.32158355280757,445.7100840859218,446.09858461903605,446.48708515215037,446.8755856852646,447.26408621837885,447.38410641223425,446.9317817373471,446.47945706245986,446.0271323875725,445.57480771268524,445.122483037798,444.6701583629107,444.21783368802346,443.7655090131362
/Users/jonathanharrison/Documents/DPhil/minimal_branch/rstan_analysis/data/Example14/20170717_oocyte_stg7_phalloidin-488_grk-546_Z_06.tif.ome.tif,1,75,538.7248751782292,540.5289205301583,542.3329658820873,544.1370112340164,545.9410565859455,547.7451019378746,549.5491472898036,551.3531926417327,553.1572379936617,554.9612833455907,556.7653286975199,558.5693740494488,560.373419401378,562.177464753307,563.981510105236,565.7855554571651,567.5896008090942,569.3936461610232,571.1976915129522,573.0017368648813,574.8057822168105,576.6098275687394,578.4138729206685,580.2179182725976,582.0219636245266,583.8260089764557,585.6300543283847,587.4340996803138,589.2381450322429,591.0421903841719,592.846235736101,594.65028108803,596.4543264399591,598.2583717918882,600.0624171438172,601.8664624957463,603.6705078476754,605.4745531996044,607.2785985515335,609.8311358774754,613.4555894521202,617.0800430267651,620.7044966014099,624.3289501760548,625.4578532474291,625.7059199134981,625.9539865795671,626.2020532456362,626.4501199117053,626.6981865777743,626.9462532438433,627.1943199099125,627.4423865759816,627.6904532420506,627.9385199081197,628.1865865741887,628.434653240258,628.682719906327,628.930786572396,629.178853238465,629.4269199045341,629.6749865706032,629.9230532366722,630.1711199027412,630.4191865688103,630.6672532348794,630.9153199009485,630.0048986902815,629.0768231859568,628.1487476816322,627.2206721773076,626.2925966729829,625.3645211686583,624.4364456643337,623.508370160009,622.5802946556845,621.6522191513598,618.4353587493267,614.8093537735937,611.1833487978606,607.5573438221275,603.9313388463944,600.3053338706613,596.6793288949282,593.0533239191951,589.427318943462,585.8013139677289,582.1753089919957,578.5493040162627,574.9232990405296,571.2972940647965,567.6736543710139,564.0550569719159,560.4364595728177,556.8178621737196,553.1992647746215,549.5806673755235,545.9620699764254,542.3434725773272,538.7248751782292
/Users/jonathanharrison/Documents/DPhil/minimal_branch/rstan_analysis/data/Example14/20170717_oocyte_stg7_phalloidin-488_grk-546_Z_06.tif.ome.tif,1,76,424.9503726278963,424.1094508624065,423.2685290969167,422.42760733142705,421.5866855659373,420.7457638004475,419.9048420349577,419.063920269468,418.2229985039782,417.3820767384884,416.5411549729987,415.700233207509,414.8593114420192,414.0183896765294,413.1774679110397,412.3365461455499,411.4956243800601,410.6547026145704,409.8137808490806,408.97285908359083,408.13193731810117,407.2910155526114,406.45009378712155,405.6091720216319,404.7682502561421,403.9273284906523,403.0864067251626,402.24548495967286,401.404563194183,400.5636414286933,399.7227196632035,398.8817978977138,398.040876132224,397.19995436673423,396.3590326012445,395.5181108357547,394.677189070265,393.8362673047752,392.99534553928544,392.1544237737957,391.31350200830593,390.47258024281615,389.6316584773264,389.95135272580865,391.48580797183297,393.0202632178574,394.5547184638817,396.08917370990605,397.6236289559304,399.1580842019548,400.69253944797913,402.2269946940035,403.76144994002783,405.2959051860522,406.8303604320766,408.3648156781009,409.89927092412523,411.43372617014955,412.96818141617393,414.50263666219826,416.0370919082226,417.571547154247,419.10600240027134,420.6404576462957,421.25529206331294,421.3608657937297,421.4664395241464,421.57201325456305,421.67758698497965,421.7831607153964,421.888734445813,421.9943081762297,422.0998819066463,422.20545563706304,422.31102936747965,422.41660309789637,422.522176828313,422.6277505587297,422.7333242891463,422.838898019563,422.94447174997964,423.0500454803963,423.15561921081303,423.26119294122964,423.36676667164625,423.47234040206297,423.5779141324797,423.6834878628963,423.78906159331297,423.89463532372963,424.0002090541463,424.105782784563,424.2113565149796,424.31693024539635,424.42250397581296,424.52807770622957,424.63365143664635,424.7392251670629,424.8447988974797,424.9503726278963
/Users/jonathanharrison/Documents/DPhil/minimal_branch/rstan_analysis/data/Example14/20170717_oocyte_stg7_phalloidin-488_grk-546_Z_06.tif.ome.tif,1,76,572.5921206716612,573.8756328400402,575.1591450084194,576.4426571767985,577.7261693451776,579.0096815135568,580.2931936819358,581.5767058503149,582.860218018694,584.1437301870732,585.4272423554523,586.7107545238314,587.9942666922104,589.2777788605895,590.5612910289686,591.8448031973478,593.1283153657268,594.411827534106,595.6953397024851,596.9788518708642,598.2623640392433,599.5458762076224,600.8293883760016,602.1129005443806,603.3964127127597,604.6799248811388,605.9634370495179,607.246949217897,608.5304613862762,609.8139735546553,611.0974857230343,612.3809978914135,613.6645100597926,614.9480222281717,616.2315343965508,617.5150465649299,618.7985587333089,620.0820709016881,621.3655830700673,622.6490952384464,623.9326074068255,625.2161195752045,626.4996317435838,627.1560161888569,627.1560161888569,627.1560161888569,627.1560161888569,627.1560161888569,627.1560161888569,627.1560161888569,627.1560161888569,627.1560161888569,627.1560161888569,627.1560161888569,627.1560161888569,627.1560161888569,627.1560161888569,627.1560161888569,627.1560161888569,627.1560161888569,627.1560161888569,627.1560161888569,627.1560161888569,627.1560161888569,626.1707888581186,624.639969767077,623.1091506760354,621.5783315849937,620.047512493952,618.5166934029104,616.9858743118688,615.4550552208271,613.9242361297854,612.3934170387439,610.8625979477022,609.3317788566605,607.8009597656189,606.2701406745773,604.7393215835357,603.208502492494,601.6776834014523,600.1468643104107,598.6160452193691,597.0852261283275,595.5544070372858,594.0235879462441,592.4927688552025,590.9619497641609,589.4311306731192,587.9003115820775,586.3694924910359,584.8386733999944,583.3078543089526,581.777035217911,580.2462161268693,578.7153970358278,577.1845779447862,575.6537588537444,574.1229397627028,572.5921206716612
/Users/jonathanharrison/Documents/DPhil/minimal_branch/rstan_analysis/data/Example14/20170717_oocyte_stg7_phalloidin-488_grk-546_Z_06.tif.ome.tif,1,77,424.9503726278963,424.1094508624065,423.2685290969167,422.42760733142705,421.5866855659373,420.7457638004475,419.9048420349577,419.063920269468,418.2229985039782,417.3820767384884,416.5411549729987,415.700233207509,414.8593114420192,414.0183896765294,413.1774679110397,412.3365461455499,411.4956243800601,410.6547026145704,409.8137808490806,408.97285908359083,408.13193731810117,407.2910155526114,406.45009378712155,405.6091720216319,404.7682502561421,403.9273284906523,403.0864067251626,402.24548495967286,401.404563194183,400.5636414286933,399.7227196632035,398.8817978977138,398.040876132224,397.19995436673423,396.3590326012445,395.5181108357547,394.677189070265,393.8362673047752,392.99534553928544,392.1544237737957,391.31350200830593,390.47258024281615,389.6316584773264,389.95135272580865,391.48580797183297,393.0202632178574,394.5547184638817,396.08917370990605,397.6236289559304,399.1580842019548,400.69253944797913,402.2269946940035,403.76144994002783,405.2959051860522,406.8303604320766,408.3648156781009,409.89927092412523,411.43372617014955,412.96818141617393,414.50263666219826,416.0370919082226,417.571547154247,419.10600240027134,420.6404576462957,421.25529206331294,421.3608657937297,421.4664395241464,421.57201325456305,421.67758698497965,421.7831607153964,421.888734445813,421.9943081762297,422.0998819066463,422.20545563706304,422.31102936747965,422.41660309789637,422.522176828313,422.6277505587297,422.7333242891463,422.838898019563,422.94447174997964,423.0500454803963,423.15561921081303,423.26119294122964,423.36676667164625,423.47234040206297,423.5779141324797,423.6834878628963,423.78906159331297,423.89463532372963,424.0002090541463,424.105782784563,424.2113565149796,424.31693024539635,424.42250397581296,424.52807770622957,424.63365143664635,424.7392251670629,424.8447988974797,424.9503726278963
/Users/jonathanharrison/Documents/DPhil/minimal_branch/rstan_analysis/data/Example14/20170717_oocyte_stg7_phalloidin-488_grk-546_Z_06.tif.ome.tif,1,77,572.5921206716612,573.8756328400402,575.1591450084194,576.4426571767985,577.7261693451776,579.0096815135568,580.2931936819358,581.5767058503149,582.860218018694,584.1437301870732,585.4272423554523,586.7107545238314,587.9942666922104,589.2777788605895,590.5612910289686,591.8448031973478,593.1283153657268,594.411827534106,595.6953397024851,596.9788518708642,598.2623640392433,599.5458762076224,600.8293883760016,602.1129005443806,603.3964127127597,604.6799248811388,605.9634370495179,607.246949217897,608.5304613862762,609.8139735546553,611.0974857230343,612.3809978914135,613.6645100597926,614.9480222281717,616.2315343965508,617.5150465649299,618.7985587333089,620.0820709016881,621.3655830700673,622.6490952384464,623.9326074068255,625.2161195752045,626.4996317435838,627.1560161888569,627.1560161888569,627.1560161888569,627.1560161888569,627.1560161888569,627.1560161888569,627.1560161888569,627.1560161888569,627.1560161888569,627.1560161888569,627.1560161888569,627.1560161888569,627.1560161888569,627.1560161888569,627.1560161888569,627.1560161888569,627.1560161888569,627.1560161888569,627.1560161888569,627.1560161888569,627.1560161888569,626.1707888581186,624.639969767077,623.1091506760354,621.5783315849937,620.047512493952,618.5166934029104,616.9858743118688,615.4550552208271,613.9242361297854,612.3934170387439,610.8625979477022,609.3317788566605,607.8009597656189,606.2701406745773,604.7393215835357,603.208502492494,601.6776834014523,600.1468643104107,598.6160452193691,597.0852261283275,595.5544070372858,594.0235879462441,592.4927688552025,590.9619497641609,589.4311306731192,587.9003115820775,586.3694924910359,584.8386733999944,583.3078543089526,581.777035217911,580.2462161268693,578.7153970358278,577.1845779447862,575.6537588537444,574.1229397627028,572.5921206716612
